2 2 2 2 2 2 2 2 2 2 2 2 2 2 2 2 2 2 2 2 2 2 2 2 2 2 2 2 2 2 2 2 2 2 2 2 2 2 2 2 2 2 2 2 2 2 2 2 2 2 2 2 2 2 2 2 2 2 2 2 2 2 2 2 2 2 2 2 2 2 2 2 2 2 2 2 2 2 2 2 2 2 2 2 2 2 2 2 2 2 2 2 2 2 2 2 2 2 2 2 2 2 2 2 2 2 2 2 2 2 2 2 2 2 2 2 2 2 2 2 2 2 2 2 2 2 2 2 2 2 2 2 2 2 2 2 2 2 2 2 2 2 2 2 2 2 2 2 2 2 2 2 2 2 2 2 2 2 2 2 2 2 2 2 2 2 2 2 2 2 2 2 2 2 2 2 2 2 2 2
2 2 2 2 2 2 2 2 2 2 2 2 2 2 2 2 2 2 2 2 2 2 2 2 2 2 2 2 2 2 2 2 2 2 2 2 2 2 2 2 2 2 2 2 2 2 2 2 2 2 2 2 2 2 2 2 2 2 2 2 2 2 2 2 2 2 2 2 2 2 2 2 2 2 2 2 2 2 2 2 2 2 2 2 2 2 2 2 2 2 2 2 2 2 2 2 2 2 2 2 2 2 2 2 2 2 2 2 2 2 2 2 2 2 2 2 2 2 2 2 2 2 2 2 2 2 2 2 2 2 2 2 2 2 2 2 2 2 2 2 2 2 2 2 2 2 2 2 2 2 2 2 2 2 2 2 2 2 2 2 2 2 2 2 2 2 2 2 2 2 2 2 2 2 2 2 2 2 2 2
2 2 7 5 5 7 5 7 7 5 5 7 7 5 5 5 5 7 5 7 5 5 5 5 5 5 7 7 5 5 7 7 7 5 7 7 5 7 5 5 5 5 7 5 5 5 7 5 7 7 5 7 5 5 7 5 7 7 5 7 7 7 7 5 5 7 7 7 5 5 5 7 5 7 5 7 5 5 7 7 7 7 7 5 5 7 7 7 7 7 5 7 5 5 7 5 5 7 7 5 5 7 7 7 5 7 5 5 5 7 5 5 7 5 7 5 7 7 7 5 7 5 5 7 5 5 7 7 5 7 7 7 5 5 5 5 7 7 5 7 7 7 7 5 7 5 7 7 7 5 7 5 5 5 7 5 5 5 5 5 7 5 7 7 5 7 5 5 5 7 5 7 7 7 7 5 7 7 2 2
2 2 7 7 7 7 7 7 5 7 7 7 5 7 5 5 5 5 5 5 5 7 7 5 5 7 5 5 5 7 5 7 7 5 7 5 5 5 5 5 7 5 5 5 5 7 5 5 7 5 5 5 5 7 5 5 5 7 5 5 7 7 7 7 7 5 7 7 5 7 5 7 7 5 7 5 5 5 7 5 5 5 5 7 7 7 7 5 7 7 7 7 7 7 5 7 5 5 5 5 7 7 5 5 7 7 5 7 7 5 5 5 5 7 5 7 5 5 5 5 5 5 5 5 5 5 5 5 5 5 7 7 7 7 5 5 7 7 5 7 5 7 7 5 7 7 5 7 7 7 5 7 7 5 7 5 7 7 5 7 7 5 5 7 5 7 7 7 5 7 5 5 5 7 7 7 5 5 2 2
2 2 5 5 7 5 5 5 7 7 5 5 7 5 7 5 5 7 7 7 7 5 5 7 7 7 5 7 7 7 7 7 7 7 5 5 5 7 7 5 5 5 7 7 7 7 7 7 5 7 5 5 5 5 7 7 5 7 5 7 7 7 5 5 5 5 7 7 7 5 5 5 7 7 7 7 5 5 5 5 7 5 5 7 7 7 7 5 7 5 7 7 7 7 7 5 7 5 5 5 5 5 7 5 7 5 5 5 7 7 7 7 5 7 5 7 7 7 5 5 5 7 5 7 7 5 7 7 7 7 5 7 7 7 5 5 5 7 7 7 5 5 7 5 7 5 7 5 5 7 7 7 5 5 5 7 7 5 5 7 7 5 7 5 7 7 5 5 5 5 7 5 7 7 7 7 7 5 2 2
2 2 5 5 7 7 5 7 5 5 5 7 7 5 7 5 7 5 7 7 7 5 5 7 5 7 5 5 5 5 5 7 5 5 7 5 7 7 7 5 5 7 7 7 7 5 7 7 5 7 5 5 7 7 5 5 7 7 5 5 7 5 7 7 5 7 5 5 7 7 7 5 5 5 5 7 5 5 5 5 7 7 7 5 5 5 5 7 7 7 5 7 7 5 5 7 7 7 7 7 5 5 5 7 5 5 5 7 7 7 5 7 7 7 7 5 7 7 7 5 5 7 7 7 7 5 7 5 5 7 7 5 7 7 5 5 7 5 5 7 7 7 5 5 5 7 5 5 5 5 5 7 7 7 7 5 7 7 7 5 7 7 7 7 5 5 7 5 7 7 5 5 5 7 7 7 7 5 2 2
2 2 5 7 7 5 7 5 7 7 5 5 5 7 7 7 7 7 5 7 7 5 7 5 5 1 1 1 0 0 0 5 7 5 5 5 5 7 5 5 7 7 7 7 7 7 7 7 7 7 7 7 7 5 7 5 7 5 7 7 5 5 5 5 5 5 5 7 5 5 5 7 7 7 7 5 7 7 5 7 5 5 7 7 7 5 7 7 5 7 7 5 5 5 7 5 5 5 5 7 5 5 7 7 7 5 7 5 5 7 7 7 5 5 7 7 5 5 7 5 5 7 7 7 7 7 5 5 7 7 5 7 7 5 7 7 7 5 7 7 5 7 5 5 7 7 7 5 5 7 5 5 5 5 5 7 7 7 7 5 5 7 5 5 5 7 7 7 5 7 7 5 7 7 5 5 5 5 2 2
2 2 7 7 7 5 7 5 5 7 7 7 5 7 7 7 5 7 5 5 5 5 5 7 5 0 5 1 1 0 7 5 7 7 5 5 7 7 5 5 5 7 7 5 5 7 5 5 5 7 7 7 7 7 7 5 5 7 7 5 7 7 5 5 7 7 5 7 5 5 5 5 7 7 7 7 7 7 5 5 7 5 5 7 5 7 7 7 7 7 5 5 5 5 5 5 5 7 7 5 5 5 5 5 7 7 7 7 5 2 2 2 7 7 7 5 5 7 5 7 7 7 5 7 7 7 5 7 7 5 5 5 5 7 7 7 5 7 5 5 5 7 7 7 7 7 5 5 7 5 7 5 5 7 7 5 5 5 7 7 5 7 7 5 7 7 5 7 5 7 5 7 5 7 5 5 7 7 2 2
2 2 7 7 5 7 5 7 5 5 5 5 5 5 7 5 5 7 7 5 5 5 7 7 5 5 5 7 5 5 7 7 5 7 7 7 7 7 5 5 5 5 7 7 7 5 7 5 7 7 7 5 7 7 7 7 7 5 7 7 5 5 7 5 5 7 7 7 7 5 5 5 5 5 5 7 5 7 5 7 5 5 7 5 7 7 7 5 5 7 7 5 7 7 5 5 5 5 5 7 7 5 7 7 5 7 7 7 5 2 2 2 5 7 7 7 5 5 5 7 7 7 5 5 7 7 7 7 5 7 7 5 7 5 5 7 7 7 7 7 5 5 5 5 5 5 7 5 5 5 5 7 5 7 7 7 5 5 5 5 5 7 5 7 5 7 5 7 7 7 7 5 5 5 5 7 5 5 2 2
2 2 5 5 5 5 7 5 5 5 7 7 5 7 7 5 7 5 5 5 7 5 7 7 5 7 5 7 7 5 5 5 5 5 7 5 5 7 5 5 7 7 7 5 7 7 7 5 7 5 5 7 7 7 7 7 5 5 5 7 5 5 5 5 7 7 5 5 7 5 5 5 7 5 7 7 7 7 5 5 5 5 5 7 5 7 7 5 5 5 7 7 7 7 5 7 5 5 5 7 5 5 5 5 7 5 7 5 5 2 2 2 5 5 5 7 7 7 5 7 7 7 5 5 7 7 7 7 5 5 7 5 5 7 7 7 7 7 5 5 5 5 5 7 5 7 5 5 5 5 7 5 7 5 5 7 7 5 5 7 7 5 5 5 5 7 7 5 5 7 5 5 5 7 7 5 7 7 2 2
2 2 7 7 7 5 5 5 7 5 5 7 5 7 5 5 7 5 7 7 5 5 5 7 5 5 5 7 7 7 5 7 2 2 7 5 5 7 5 7 7 5 7 5 5 7 7 7 7 7 7 5 5 7 5 5 7 7 7 5 7 7 5 5 5 5 7 5 7 7 7 5 7 5 7 7 7 7 5 7 7 5 7 7 7 7 5 5 7 7 5 5 7 7 7 7 7 7 5 5 7 7 7 5 5 7 5 5 5 7 5 7 7 7 5 5 5 5 7 7 7 5 5 7 7 7 7 5 7 7 7 5 7 7 7 7 7 5 5 5 5 7 7 7 5 5 5 7 5 5 5 5 7 5 7 7 5 7 7 7 7 5 5 7 7 5 5 7 7 5 5 5 5 7 7 5 7 7 2 2
2 2 5 5 5 5 7 7 7 5 7 5 7 7 7 5 5 7 5 7 7 5 7 5 5 5 5 7 5 7 5 5 2 2 5 5 5 7 7 5 7 5 5 5 7 7 5 7 5 7 7 5 5 5 7 5 7 5 5 7 5 5 7 7 5 5 5 5 5 7 5 7 5 7 7 7 7 7 7 7 7 5 5 7 7 5 5 5 5 5 7 7 5 7 5 5 5 7 7 7 7 5 7 7 7 5 7 7 5 5 5 5 7 7 7 7 5 7 7 7 7 5 5 7 5 7 5 7 5 5 7 7 7 5 7 5 7 5 5 7 5 5 5 7 7 7 7 7 5 7 7 7 7 7 5 5 5 7 5 7 5 5 7 7 5 7 5 7 7 7 5 5 7 5 7 7 7 7 2 2
2 2 7 7 5 5 5 7 7 5 5 5 5 5 5 7 5 5 7 7 7 7 5 5 5 7 5 5 5 7 5 5 5 7 5 7 5 7 5 5 5 7 7 7 7 7 5 5 7 7 7 7 7 5 5 5 7 7 7 5 5 7 5 7 5 5 7 7 7 7 7 5 7 7 7 5 7 7 7 7 7 5 5 5 7 5 5 5 5 7 7 7 5 5 7 7 7 7 7 7 7 7 5 7 5 7 7 5 5 5 7 5 5 5 5 5 7 7 5 5 5 5 7 5 7 7 7 5 7 7 5 5 7 5 5 7 5 5 7 7 7 5 7 5 5 7 5 5 7 5 5 5 5 5 7 5 7 7 5 7 5 7 7 7 7 7 7 5 5 5 7 5 5 7 5 5 5 7 2 2
2 2 7 7 5 5 5 7 7 7 5 5 7 7 7 5 7 5 7 5 5 5 5 7 7 5 5 7 7 5 7 7 5 7 7 7 7 7 5 5 5 5 5 5 7 7 5 5 5 5 7 5 7 7 5 7 5 1 1 5 7 5 5 7 5 5 5 5 7 7 7 5 7 5 7 5 7 7 5 5 7 5 7 7 5 5 5 7 5 5 7 5 7 7 5 7 5 5 5 5 7 7 5 7 5 5 5 5 7 7 5 5 5 5 5 5 7 7 7 5 5 5 7 7 7 7 7 5 5 5 7 5 7 5 5 5 5 5 7 5 7 7 5 5 7 7 5 5 7 5 5 7 7 7 7 5 5 5 7 7 5 5 7 5 7 5 7 7 7 5 5 5 7 5 7 7 5 5 2 2
2 2 7 5 7 5 5 7 7 7 5 5 5 7 5 5 7 7 5 5 7 7 7 7 7 5 5 5 5 5 7 5 5 7 5 7 5 7 5 7 7 7 5 5 5 5 5 7 7 7 7 5 7 5 7 5 5 0 5 7 7 7 7 5 5 5 7 5 5 7 7 7 7 5 7 7 5 7 7 7 5 5 5 7 5 7 7 7 5 7 5 5 5 7 5 5 7 5 7 7 7 5 5 7 7 7 7 7 5 7 7 7 5 7 5 7 5 7 5 5 5 5 5 7 5 7 7 5 5 5 7 5 5 7 5 5 7 5 5 7 5 5 7 7 5 5 7 5 7 5 5 7 5 7 7 5 7 7 7 5 5 7 7 5 7 5 5 7 5 7 7 5 7 5 5 7 7 5 2 2
2 2 7 5 7 7 7 5 7 5 7 5 7 7 7 7 5 7 5 5 7 7 7 5 5 7 5 5 5 7 7 5 7 5 5 7 7 7 5 7 5 7 7 7 5 5 5 7 7 7 7 5 7 5 5 5 5 1 5 7 7 7 7 7 5 5 5 7 5 7 7 7 5 5 5 5 7 7 5 7 5 7 5 5 5 7 5 5 5 7 7 5 5 7 5 5 5 7 5 7 7 7 7 5 7 7 7 7 5 7 5 5 7 5 7 7 7 5 5 7 5 5 5 5 7 5 7 7 5 7 7 7 5 7 7 5 7 7 5 7 7 5 5 5 5 5 5 5 5 5 7 5 5 5 5 5 7 7 5 7 7 5 7 7 5 5 5 5 7 5 7 5 5 5 7 7 5 5 2 2
2 2 5 5 5 5 7 5 7 5 7 5 5 5 7 5 7 5 5 7 5 5 7 7 5 5 5 7 5 5 7 7 7 7 5 5 7 5 5 5 7 5 5 5 7 7 7 5 7 7 7 7 7 7 7 7 7 0 0 7 5 5 5 5 7 7 7 7 7 7 7 7 5 7 7 7 7 7 7 7 5 7 5 5 5 7 7 5 5 7 7 5 5 7 5 7 7 7 5 5 7 5 5 7 5 5 5 5 7 5 5 5 7 5 7 7 7 5 5 7 5 7 7 5 5 5 7 7 7 7 5 7 7 5 5 7 7 7 7 5 5 5 5 5 7 7 5 5 5 5 7 5 5 7 5 5 5 5 5 7 7 7 5 5 5 7 7 5 7 7 5 7 5 5 5 7 7 7 2 2
2 2 5 7 5 7 7 5 5 7 5 5 7 5 7 7 7 7 7 5 5 7 7 7 7 5 5 7 7 5 7 7 7 5 7 7 5 7 7 5 5 7 5 5 7 7 7 7 5 5 5 7 5 7 7 7 5 1 0 0 7 7 5 5 5 7 7 5 7 7 5 5 7 5 7 5 5 5 5 5 7 5 5 7 5 5 7 7 5 5 5 7 5 7 5 7 7 7 7 7 7 7 5 5 7 5 5 7 5 7 5 7 7 7 7 5 7 7 7 7 7 6 6 8 6 6 7 5 7 5 5 7 7 5 2 2 2 2 2 5 7 5 5 5 5 5 7 5 7 5 7 5 5 5 7 5 5 7 7 5 5 7 7 7 7 5 5 5 5 7 7 7 7 7 5 5 7 7 2 2
2 2 7 5 5 7 7 5 5 7 5 5 5 7 5 7 5 7 7 5 5 7 5 7 7 5 7 7 7 7 7 5 7 7 5 5 5 7 5 7 5 7 5 7 5 5 5 5 7 5 7 7 7 7 7 7 5 0 1 5 5 7 7 5 5 5 5 7 5 5 5 7 5 5 7 5 7 7 7 5 7 7 7 7 7 7 7 5 7 7 7 7 7 5 7 7 7 5 5 5 7 5 5 7 5 7 7 7 5 7 5 5 5 7 5 5 7 7 5 5 7 8 8 8 8 6 5 7 7 7 5 5 5 5 2 2 2 2 2 7 5 5 5 5 5 7 5 5 7 7 7 7 5 7 5 5 7 5 5 5 5 7 7 5 7 5 7 5 7 5 5 7 7 5 7 7 7 5 2 2
2 2 7 5 7 7 5 7 5 5 5 7 7 5 7 5 7 7 7 5 7 5 7 5 7 5 5 7 7 7 5 5 7 5 5 5 5 7 7 7 5 5 7 5 5 5 5 5 7 7 7 7 7 7 7 5 5 5 7 5 7 5 7 7 7 7 7 7 5 5 7 5 5 7 5 7 7 7 5 5 5 5 5 5 5 5 7 5 7 7 7 7 7 7 7 7 7 7 5 5 5 5 7 5 7 5 5 5 7 7 5 5 7 5 7 5 5 5 7 7 5 8 6 8 8 6 5 5 5 7 5 5 7 5 2 2 2 2 2 5 7 7 5 7 5 5 5 7 5 7 5 5 7 7 7 5 7 7 5 7 5 7 5 7 7 5 5 5 7 7 7 5 5 7 7 5 7 7 2 2
2 2 5 7 7 5 5 7 5 7 7 5 5 7 5 5 7 5 5 5 7 7 7 5 7 5 7 5 7 7 5 7 5 7 5 5 5 7 7 5 5 5 5 5 7 5 7 5 7 5 7 5 7 5 5 5 5 7 7 5 7 7 7 5 5 7 7 7 5 7 7 7 7 5 5 7 5 5 7 7 5 5 7 5 5 7 5 7 7 5 5 5 7 7 5 7 5 7 5 7 5 5 5 5 7 7 5 5 7 5 7 7 5 7 7 7 5 7 7 7 7 6 8 6 8 8 7 5 5 5 5 5 7 5 2 2 2 2 2 5 7 7 5 7 7 5 5 5 7 5 5 7 5 5 7 7 7 7 6 6 8 7 5 7 5 5 7 5 7 5 7 7 5 5 7 7 7 5 2 2
2 2 5 7 7 7 7 7 7 5 7 7 5 5 7 5 5 7 7 7 5 7 7 5 7 7 7 5 7 5 7 7 7 5 7 7 5 7 7 5 7 7 7 7 7 7 5 7 5 7 5 5 5 7 5 7 7 7 7 7 5 7 5 7 5 7 7 5 7 7 5 7 7 5 5 7 5 7 5 5 5 5 7 5 7 7 7 5 7 7 5 5 5 5 7 5 5 5 7 5 5 5 7 7 7 7 7 7 5 5 5 7 7 5 5 5 5 5 7 7 7 8 8 6 8 8 7 7 7 7 5 5 7 7 2 2 2 2 2 5 7 7 5 5 7 5 7 7 7 5 7 7 7 7 7 5 5 5 6 6 8 7 5 5 7 5 7 7 5 5 5 5 7 7 5 5 7 5 2 2
2 2 5 5 7 7 7 7 7 5 7 7 7 7 7 5 5 5 5 7 5 5 5 5 7 7 7 7 5 7 7 7 7 7 5 5 5 7 7 5 5 5 5 5 7 5 7 7 5 5 5 7 5 7 7 7 5 7 7 5 7 5 7 5 7 5 7 5 7 7 7 7 7 7 5 5 7 7 5 7 7 5 7 7 5 7 7 5 7 5 7 5 7 5 7 7 7 5 7 7 7 5 5 5 5 5 7 7 7 5 5 5 5 5 7 5 5 7 7 7 7 7 5 7 7 7 5 7 7 5 5 5 5 7 5 7 7 7 8 8 6 7 7 7 7 5 7 5 5 7 5 5 5 7 7 7 7 5 8 6 6 7 5 7 5 7 5 7 7 5 7 5 7 7 5 7 5 7 2 2
2 2 7 5 7 5 5 7 7 7 5 7 5 5 7 5 5 7 7 7 5 5 5 7 7 5 5 7 7 7 7 7 7 5 7 7 5 5 7 5 5 7 7 5 5 7 7 5 5 7 7 5 5 5 5 7 7 7 5 7 5 5 7 5 5 5 7 7 7 7 5 7 5 5 7 7 7 5 5 5 5 7 5 5 7 7 7 5 5 5 7 7 7 7 7 5 5 7 5 5 5 7 5 5 5 5 7 7 5 5 5 7 5 5 7 7 7 7 5 7 7 5 7 7 5 5 5 7 7 5 5 5 7 7 7 7 7 7 6 6 6 5 5 7 7 5 7 5 5 7 5 7 5 5 7 7 7 5 7 7 7 5 5 5 5 7 7 7 7 5 7 7 5 7 7 5 7 7 2 2
2 2 7 5 7 5 5 7 7 7 5 7 7 5 7 5 5 7 5 7 5 5 7 5 5 5 7 7 7 5 7 5 5 5 7 7 7 7 7 7 7 7 5 7 7 5 5 5 7 5 7 7 5 5 5 7 7 5 5 5 7 5 7 5 7 5 7 5 5 5 5 7 5 7 7 7 5 5 7 5 7 7 7 5 7 5 5 7 5 5 7 5 7 7 7 5 7 7 7 7 5 5 5 5 7 7 7 7 7 5 7 7 7 5 7 5 5 7 5 5 7 5 7 7 5 5 5 5 7 5 5 7 5 5 5 7 7 7 8 6 6 7 7 5 5 7 5 7 7 7 5 5 7 5 7 7 5 5 7 7 7 5 7 7 5 5 7 7 5 5 5 5 5 5 7 5 5 7 2 2
2 2 7 7 7 5 5 5 7 7 7 7 5 7 5 7 7 7 7 7 5 5 7 7 7 5 7 5 5 7 7 5 5 5 5 5 5 7 7 7 5 5 5 5 7 7 7 5 5 7 7 5 5 5 5 5 7 5 5 7 5 7 5 5 5 5 7 7 5 7 7 5 7 5 5 5 5 7 5 5 5 7 5 5 7 5 7 7 5 5 5 7 7 5 7 5 5 5 5 5 7 7 5 5 5 7 7 5 5 5 7 7 5 5 5 5 7 5 7 7 5 5 5 5 5 7 5 7 7 5 5 7 7 7 7 5 7 5 5 7 5 7 7 7 5 5 5 7 5 7 7 5 7 5 5 5 5 5 5 5 7 7 5 5 7 5 7 7 7 7 7 5 5 5 5 7 7 7 2 2
2 2 7 5 5 7 7 5 5 7 5 7 5 5 7 7 7 5 5 7 5 5 5 7 7 7 7 5 5 7 5 7 5 5 5 5 7 5 7 7 7 5 7 5 7 7 7 7 7 7 5 5 7 5 7 7 5 7 5 7 5 5 7 7 7 7 7 5 7 5 5 7 5 5 7 5 5 7 7 5 7 5 5 7 7 5 7 7 7 5 5 7 5 5 5 5 5 7 5 7 7 5 5 5 5 7 7 7 7 7 7 5 7 5 5 7 7 7 7 5 5 5 7 5 7 7 7 7 5 7 5 7 7 7 7 7 5 5 5 7 7 5 7 5 7 5 7 5 5 7 5 7 7 5 7 5 5 5 7 5 5 5 7 7 7 5 5 5 7 7 7 5 5 5 5 5 7 5 2 2
2 2 5 5 7 5 7 5 5 7 7 5 5 7 5 7 5 5 7 5 5 7 5 5 5 7 5 7 7 7 5 5 7 7 5 7 7 7 5 5 5 7 5 7 5 5 5 5 7 5 5 5 5 5 7 7 5 5 5 5 5 7 7 7 7 7 5 5 5 7 5 5 5 5 5 5 5 7 5 7 7 7 5 5 7 5 7 5 7 7 5 7 7 7 5 7 7 5 7 5 5 5 5 7 5 5 7 5 7 5 7 7 7 7 7 5 7 5 5 5 5 5 5 5 7 5 7 7 7 7 5 7 5 7 5 7 7 7 7 7 5 5 7 7 7 7 5 7 5 5 7 5 7 5 7 7 5 5 5 7 5 7 7 5 5 5 7 7 5 5 5 7 7 7 7 7 7 7 2 2
2 2 7 7 7 5 5 5 5 7 7 7 5 5 5 7 5 7 7 5 5 7 5 7 5 7 5 7 7 5 7 7 7 5 7 7 7 7 7 7 7 7 5 7 7 5 5 5 7 7 7 7 5 5 7 5 7 7 5 7 7 5 7 7 5 5 7 5 5 5 7 5 7 7 7 5 5 5 7 5 7 5 7 7 7 5 5 5 5 5 7 7 7 7 5 5 7 7 7 7 5 7 7 5 5 7 7 7 7 7 7 5 7 7 7 7 7 5 7 5 5 5 7 5 7 7 7 5 7 5 5 5 5 5 5 7 7 7 5 7 7 5 5 7 5 7 7 7 7 5 5 7 7 5 7 5 7 5 5 5 5 7 7 5 5 5 7 7 5 5 5 7 7 7 5 7 5 7 2 2
2 2 5 7 5 7 7 7 7 7 5 7 5 7 5 5 7 7 7 7 7 5 5 5 7 5 7 5 7 7 5 7 7 5 5 7 7 5 5 5 7 5 5 5 7 7 7 5 5 7 5 5 5 7 5 7 5 5 7 5 5 5 7 5 5 7 5 7 5 7 7 7 7 7 7 7 7 7 7 5 5 7 7 5 5 5 7 7 7 7 7 7 5 7 5 5 5 5 5 7 7 7 5 5 7 7 5 7 5 7 5 7 2 2 2 2 2 5 7 7 5 5 7 7 5 5 7 5 5 5 7 5 7 7 7 5 7 7 7 5 5 7 5 7 5 5 7 5 5 5 5 5 5 5 5 7 5 5 5 7 5 5 5 5 5 7 7 7 7 5 5 7 5 5 7 5 7 5 2 2
2 2 5 5 7 5 7 7 5 5 5 7 5 7 5 5 7 7 7 5 7 5 7 7 7 7 7 5 5 5 5 7 7 7 5 7 5 7 7 5 5 5 5 5 7 7 5 5 7 5 7 7 5 5 5 7 7 5 5 7 7 7 5 7 7 7 7 5 5 5 7 7 5 7 7 5 7 5 7 5 7 5 7 7 7 7 5 7 5 5 5 7 5 7 7 7 5 5 7 7 7 7 5 7 5 5 7 5 5 7 7 7 2 2 2 2 2 5 5 7 5 5 5 7 5 5 7 7 7 7 7 5 7 7 7 7 7 7 5 7 5 5 5 5 5 7 5 5 7 7 7 7 5 7 7 5 7 7 7 5 7 5 5 5 5 7 7 7 5 7 7 5 5 5 5 7 5 5 2 2
2 2 7 5 5 7 5 7 5 5 7 7 5 5 5 5 7 7 7 7 5 5 5 7 7 7 5 7 7 5 7 7 5 7 5 7 7 5 7 5 5 7 5 7 5 5 7 7 7 7 5 7 5 7 7 7 7 5 5 7 7 5 7 7 5 5 5 5 7 7 7 7 7 5 5 5 5 5 7 5 7 7 7 5 7 5 7 7 5 7 5 7 5 7 7 5 7 7 7 7 5 5 5 5 7 5 7 5 7 7 5 5 2 2 2 2 2 7 5 7 5 7 7 7 7 7 7 7 7 7 5 5 7 7 5 7 7 7 5 5 7 5 5 7 5 7 7 7 5 7 5 5 5 5 5 5 5 7 7 7 7 7 7 7 7 7 7 7 7 7 7 7 5 7 7 5 5 5 2 2
2 2 7 5 7 7 5 5 5 5 7 7 7 7 7 5 5 5 7 7 5 5 7 5 5 5 7 7 7 7 5 5 5 5 5 5 7 7 7 7 7 5 7 5 7 5 5 7 7 7 7 5 7 7 5 5 5 5 5 5 7 5 7 5 5 7 7 5 7 7 7 5 7 7 7 7 5 7 5 5 5 5 5 7 7 7 7 7 7 5 7 5 5 7 7 5 7 5 7 7 5 7 7 5 5 7 7 7 5 5 7 7 2 2 2 2 2 5 5 5 7 7 7 7 7 5 5 7 7 5 7 7 7 7 5 7 5 7 7 5 5 5 7 7 5 7 5 7 5 5 7 7 5 5 5 5 5 5 5 7 7 5 5 7 7 5 5 7 5 5 5 5 5 7 5 7 5 5 2 2
2 2 5 5 5 5 5 7 5 7 7 7 5 5 7 5 5 7 7 5 7 5 7 5 7 5 5 7 5 7 7 5 5 5 5 5 7 7 5 5 5 7 5 5 5 7 5 5 7 7 5 7 5 5 7 5 7 5 5 5 5 7 7 5 5 5 5 5 7 7 5 7 5 5 7 5 7 7 7 5 5 7 5 5 7 5 7 5 7 5 5 5 7 5 7 7 7 7 7 7 7 7 5 5 5 7 7 5 7 5 7 5 2 2 2 2 2 7 5 5 5 5 5 5 7 5 5 7 7 7 7 7 5 7 5 7 5 7 7 5 5 7 5 7 7 5 7 5 5 5 7 5 5 5 0 1 7 5 7 5 7 5 7 5 5 5 7 7 5 7 7 7 7 7 7 5 7 7 2 2
2 2 5 7 7 5 5 5 5 5 7 5 5 7 7 7 5 5 7 7 7 7 7 7 7 5 5 5 7 5 7 5 5 5 7 5 5 7 5 5 5 7 5 5 5 7 7 5 5 5 7 5 7 5 5 7 7 5 5 5 5 5 7 5 5 7 7 5 7 5 5 5 7 5 7 5 7 7 7 7 7 7 7 5 7 7 5 7 7 7 5 7 5 5 5 5 7 7 7 5 5 5 5 5 7 5 7 7 7 5 5 7 7 7 5 5 7 7 7 5 5 7 7 7 7 5 5 7 7 7 5 5 5 5 5 5 7 7 7 5 7 5 7 5 5 5 7 5 5 7 7 7 7 1 0 1 0 7 7 7 7 7 5 7 7 7 5 7 7 7 5 7 5 5 5 5 7 7 2 2
2 2 7 7 5 7 7 7 5 7 5 7 5 5 7 5 7 5 7 7 7 5 7 5 5 7 7 7 5 7 7 5 7 5 7 7 7 5 7 7 5 7 7 5 5 5 7 5 7 5 5 5 5 7 7 7 7 7 5 5 5 7 5 7 7 5 7 7 7 7 7 7 7 7 7 7 5 7 7 5 5 7 7 7 5 7 5 7 7 7 5 5 7 7 5 7 5 7 7 7 7 7 7 5 5 7 7 7 7 7 5 5 5 7 5 5 5 7 7 7 5 7 7 5 7 5 7 7 7 7 7 5 5 7 5 7 7 7 5 7 7 5 7 5 5 7 5 5 7 5 5 7 5 0 0 1 1 5 7 7 7 7 5 7 7 5 7 7 5 5 5 5 5 7 5 7 7 7 2 2
2 2 5 5 7 7 5 7 7 5 5 5 7 5 7 5 5 5 7 7 7 7 7 5 5 5 5 7 5 7 5 5 7 7 5 7 7 5 7 7 7 5 5 7 5 7 5 5 7 7 7 7 7 7 5 5 5 5 5 7 5 5 5 7 5 5 5 5 5 7 7 7 5 5 5 7 5 7 5 7 7 7 7 7 5 5 7 7 5 7 7 5 7 7 5 5 7 5 7 5 5 7 5 5 7 5 7 7 5 7 5 7 5 7 5 5 5 7 7 7 7 5 5 7 5 5 7 5 5 7 5 5 7 5 7 5 5 7 5 7 5 7 5 7 7 5 7 5 7 5 7 5 7 5 5 7 7 5 5 5 5 7 7 5 5 7 5 5 5 7 5 7 5 5 5 5 5 5 2 2
2 2 7 5 7 7 5 7 5 5 5 5 7 5 7 7 5 7 7 5 5 7 7 5 7 5 5 5 7 5 5 5 5 7 5 7 7 5 5 5 7 7 7 5 7 7 7 2 2 2 2 5 5 7 5 5 5 7 5 5 5 5 5 7 5 7 7 5 5 5 7 7 5 7 5 5 5 5 5 7 7 7 7 5 5 7 7 7 7 5 5 7 5 5 7 7 5 7 7 7 5 7 5 5 5 7 5 5 7 7 5 5 7 5 5 5 5 5 7 5 7 5 5 5 5 7 5 5 5 5 5 7 5 7 5 5 5 7 5 5 5 7 5 5 5 5 5 7 5 7 7 5 7 5 7 7 7 5 7 7 5 7 5 7 7 7 7 5 7 7 5 5 5 7 5 5 5 5 2 2
2 2 7 7 5 7 5 7 7 5 5 5 5 5 5 5 5 5 5 7 7 5 5 7 7 7 5 5 5 5 5 7 7 7 5 5 5 5 7 7 7 5 5 7 5 5 5 2 2 2 2 5 5 7 5 7 5 5 7 5 7 7 5 5 5 5 7 7 5 7 5 5 7 5 7 7 5 7 5 5 7 7 5 7 5 7 5 7 5 5 5 5 5 5 7 7 5 7 5 5 5 7 5 7 7 5 5 5 7 5 5 7 5 7 5 5 7 5 7 7 5 7 5 7 5 7 5 5 7 7 5 7 5 7 5 5 5 7 5 5 7 7 5 5 5 5 7 5 7 5 7 7 7 7 5 5 5 5 7 5 7 5 5 5 5 5 7 7 7 5 5 7 7 7 5 5 5 7 2 2
2 2 5 5 7 5 5 7 7 5 5 5 5 5 5 5 5 5 7 7 5 7 5 5 7 5 7 7 7 5 7 5 5 5 7 7 7 5 7 5 7 7 5 5 7 7 7 2 2 2 2 7 5 5 5 5 7 5 7 5 7 5 5 7 7 5 5 7 5 5 5 7 7 7 5 5 5 7 7 5 7 7 5 5 5 5 5 7 5 5 5 5 5 7 7 5 7 7 5 5 5 7 5 5 5 7 5 7 7 5 5 7 5 7 7 7 5 5 5 7 5 7 5 5 5 7 5 5 7 5 5 5 7 7 7 5 7 7 7 7 5 5 7 5 7 5 7 5 5 5 7 7 5 5 5 5 7 7 5 7 7 7 7 5 7 7 7 5 5 7 7 5 7 5 7 5 7 7 2 2
2 2 5 7 5 5 7 7 7 7 5 5 5 5 5 5 7 7 5 5 5 7 7 7 7 7 5 7 7 5 7 5 7 7 7 5 5 7 7 7 5 5 7 5 5 5 7 2 2 2 2 5 7 7 5 5 5 5 5 7 7 7 7 7 7 7 5 7 7 7 7 5 7 7 5 5 7 5 5 7 5 5 5 7 5 5 5 7 7 5 5 7 5 7 5 7 5 5 5 7 7 7 7 7 7 7 7 5 7 7 7 5 7 5 5 7 7 5 5 7 5 5 7 5 5 5 5 7 7 7 5 5 5 5 5 5 7 5 5 7 7 5 5 7 5 7 7 5 7 5 5 5 5 7 5 5 5 5 5 7 5 5 5 7 5 5 5 7 5 7 7 7 5 7 7 5 7 5 2 2
2 2 7 7 7 5 7 7 5 5 7 7 5 5 7 7 7 5 5 7 7 7 7 7 7 5 7 5 5 5 5 7 5 7 7 5 5 5 7 7 7 7 5 5 5 7 5 7 5 7 5 5 5 5 5 7 7 7 5 7 5 7 5 7 5 5 7 5 5 7 7 7 5 5 5 5 5 7 5 7 5 7 7 5 7 7 5 5 7 5 7 7 7 5 5 7 7 5 5 5 7 7 5 5 7 7 7 7 7 5 7 5 5 7 7 5 5 5 7 5 7 7 7 5 7 7 7 5 7 7 7 7 5 7 5 7 7 5 7 7 5 5 7 5 5 7 5 7 7 5 5 5 5 5 5 5 5 5 5 7 7 5 7 7 7 7 5 5 7 5 7 5 5 7 5 7 7 7 2 2
2 2 7 7 7 5 5 5 7 5 7 7 7 7 5 7 7 5 7 5 7 7 7 7 5 7 7 5 7 5 7 5 5 7 5 7 5 7 5 5 7 5 7 7 7 7 5 5 7 7 7 5 7 5 5 7 5 7 7 7 7 7 7 7 5 5 5 5 5 7 7 7 5 7 7 5 5 7 5 7 7 5 5 5 5 7 5 5 5 5 7 7 5 5 7 7 5 5 5 7 7 7 7 5 7 5 5 7 7 5 7 7 7 5 7 7 7 7 5 7 5 5 7 7 7 7 5 5 5 5 7 7 7 7 7 7 5 5 5 5 5 7 7 7 7 7 5 5 5 7 7 7 5 5 7 5 7 5 7 7 7 7 5 5 5 7 5 7 5 5 7 5 7 7 5 5 5 7 2 2
2 2 7 5 5 7 7 5 5 7 7 7 5 5 5 5 5 7 5 5 7 5 7 7 7 5 5 5 5 5 5 7 7 7 5 5 7 7 5 5 5 7 5 5 5 5 5 7 7 5 5 7 7 7 5 5 7 7 7 5 5 5 5 7 5 5 6 8 8 8 8 6 8 6 6 6 5 7 5 5 5 5 7 7 7 7 7 7 7 5 5 5 7 5 7 5 5 7 7 7 5 5 7 5 5 7 5 7 5 7 5 7 5 5 7 7 5 7 7 7 7 5 5 5 5 5 7 5 5 7 5 7 7 5 5 5 7 5 7 7 7 7 7 7 5 7 7 7 7 7 5 5 5 7 5 5 7 5 7 5 5 5 7 5 5 5 5 7 7 7 5 7 5 7 5 7 7 7 2 2
2 2 7 5 7 5 5 5 5 7 7 5 5 5 5 7 7 7 5 7 5 5 5 7 7 7 5 5 7 7 5 7 7 5 5 5 5 5 7 7 5 5 5 5 7 7 5 7 7 7 7 5 5 7 7 5 7 5 5 5 7 5 7 7 5 7 8 8 6 6 8 8 6 6 8 6 7 7 5 5 7 5 5 7 7 5 7 5 5 5 7 7 7 7 5 7 5 7 7 7 7 5 7 5 5 7 5 7 5 5 5 7 7 5 5 5 5 7 7 5 5 5 7 7 5 7 7 5 5 5 5 5 7 5 5 5 7 7 7 5 5 5 7 7 5 7 5 5 7 7 5 5 7 7 7 5 5 7 5 5 5 5 5 7 7 7 7 7 7 7 7 7 5 7 7 7 5 7 2 2
2 2 5 5 7 5 5 5 5 5 5 5 7 5 7 5 5 7 5 5 5 5 7 5 7 7 5 7 7 5 7 5 7 5 5 7 7 5 7 5 7 7 5 5 7 7 5 5 7 5 5 5 5 5 7 7 5 5 7 5 5 7 5 5 7 5 6 8 8 6 8 6 8 6 6 6 7 7 7 7 5 7 5 7 7 5 7 7 7 7 7 5 7 7 5 7 5 5 7 7 7 7 7 7 7 7 5 7 5 5 5 5 7 5 5 7 5 5 5 7 7 5 5 5 5 5 7 7 7 5 5 7 5 5 7 5 7 7 5 5 5 7 5 5 7 7 5 7 5 5 7 5 5 7 5 7 7 5 7 5 5 7 7 7 5 5 5 7 5 5 7 5 5 5 7 7 7 5 2 2
2 2 5 7 5 7 7 7 5 7 5 5 5 5 5 5 7 7 7 5 7 7 5 5 5 5 5 7 5 5 7 7 5 5 5 7 7 5 5 5 5 7 5 5 7 5 7 5 7 5 7 5 7 7 5 5 5 5 7 7 5 7 7 7 7 7 6 6 6 6 6 8 8 6 6 6 5 7 5 7 5 7 0 7 5 5 5 5 5 7 5 5 7 7 7 7 5 5 5 5 5 5 7 7 7 5 7 7 5 5 5 5 7 7 7 5 5 7 7 5 7 5 7 7 7 7 5 7 5 5 5 5 7 7 7 5 7 5 7 7 5 5 5 5 7 5 5 7 7 7 7 5 7 7 5 5 7 7 5 5 7 7 7 5 7 7 5 5 7 7 5 5 7 5 5 7 5 5 2 2
2 2 5 5 5 5 7 7 7 5 7 5 5 5 7 5 7 7 5 7 5 7 7 5 7 7 5 5 7 5 5 5 7 5 7 5 5 5 7 5 7 5 7 7 7 5 7 7 7 5 7 7 7 5 5 7 7 7 5 7 7 5 7 7 7 7 6 8 6 8 6 8 8 6 6 8 7 5 5 7 5 7 0 0 7 1 5 5 7 5 5 5 7 5 5 7 5 5 7 7 7 5 5 5 7 5 5 7 7 5 5 7 5 7 7 5 5 7 7 7 5 7 7 5 5 7 7 7 5 5 5 5 5 5 7 5 7 5 7 5 5 7 7 7 5 5 7 7 5 5 7 7 5 7 7 5 7 5 7 7 7 7 5 7 7 5 7 7 5 7 7 5 7 7 5 7 5 7 2 2
2 2 7 7 7 7 7 5 7 7 5 7 7 7 5 7 5 5 7 5 7 7 5 7 5 7 5 5 7 7 7 7 5 7 5 7 7 5 7 5 7 7 7 5 7 7 5 5 7 7 5 7 7 5 5 5 5 5 7 5 7 7 5 5 7 5 6 6 6 8 6 6 6 6 8 8 7 7 5 5 7 7 1 0 1 1 7 7 5 5 7 7 5 7 5 7 5 5 7 7 7 5 7 5 5 5 5 5 5 5 7 5 7 5 7 7 5 5 5 5 5 5 5 7 7 5 7 7 7 7 7 5 5 5 5 7 7 5 5 7 5 7 5 7 7 7 7 5 7 7 7 5 7 5 5 7 5 7 7 7 5 5 7 7 5 5 7 7 7 5 7 5 7 5 7 7 7 7 2 2
2 2 7 7 7 5 7 7 7 7 5 5 5 7 5 5 7 5 7 7 7 5 7 7 5 7 5 5 7 5 7 7 5 7 7 5 5 5 5 5 7 7 5 5 7 5 7 5 5 5 5 5 5 5 5 5 5 5 7 5 7 7 5 7 7 5 6 8 8 8 6 8 8 8 8 6 5 7 7 7 7 5 5 5 1 1 7 5 5 7 7 5 7 7 7 5 7 7 5 5 5 5 7 7 7 7 5 5 7 7 5 7 5 7 7 7 5 7 5 5 7 7 5 5 7 7 5 7 5 5 7 5 7 5 5 5 5 5 7 7 5 5 7 5 7 7 7 5 5 7 5 7 5 5 5 5 7 7 5 5 5 5 5 7 5 7 7 5 7 5 5 5 5 5 5 5 7 7 2 2
2 2 7 7 5 5 5 5 7 7 7 7 7 7 5 7 5 7 7 7 7 5 5 7 5 7 7 5 5 7 7 7 5 5 5 5 7 5 5 5 7 7 5 5 5 7 5 5 5 7 7 7 7 5 5 5 7 5 7 7 5 7 7 5 5 7 6 8 8 8 8 8 6 6 8 6 7 7 5 7 7 7 5 7 7 7 7 5 7 7 7 7 7 5 5 5 7 7 5 7 7 7 5 5 5 7 7 7 5 7 7 0 7 5 0 1 7 7 5 7 5 7 5 5 7 7 7 7 5 5 5 5 5 5 5 5 5 7 7 7 7 7 7 5 7 7 7 5 7 7 7 5 7 7 7 7 5 7 7 5 7 5 7 5 5 5 7 7 7 5 7 7 7 7 5 7 7 5 2 2
2 2 7 7 7 7 5 7 5 5 7 7 5 5 7 5 7 7 5 7 7 7 7 5 7 5 7 5 5 5 5 5 7 5 7 5 5 7 7 7 5 5 7 5 7 7 7 5 5 7 7 5 5 5 7 7 5 7 5 5 7 7 5 7 7 7 6 8 6 8 8 6 6 6 8 8 7 5 7 5 7 7 7 5 7 5 7 7 7 7 7 5 5 7 7 7 7 5 7 7 7 7 7 5 7 5 7 7 5 7 5 1 7 7 1 1 7 5 7 7 7 7 5 5 7 7 7 7 7 7 7 5 7 7 7 5 5 5 5 5 7 5 5 7 7 5 5 7 5 7 5 5 7 7 7 7 5 7 7 5 5 5 5 5 7 7 7 5 7 5 7 7 7 7 7 5 7 7 2 2
2 2 5 5 7 7 5 7 5 5 5 5 5 5 7 5 5 5 7 7 5 5 7 7 5 5 5 7 7 5 5 5 7 5 5 7 7 7 7 7 7 7 5 7 5 7 7 7 5 7 7 7 5 5 5 7 7 7 7 7 7 7 7 7 5 5 8 6 8 6 6 8 6 6 8 6 5 7 5 7 5 5 7 7 5 5 7 5 7 5 7 5 5 7 5 7 5 7 5 5 5 5 7 5 5 5 5 5 5 7 5 0 5 7 5 1 7 5 5 5 7 5 5 7 7 5 7 7 7 7 7 5 5 5 5 7 5 5 7 5 7 7 5 5 7 5 7 5 7 7 5 7 5 7 5 5 7 7 7 5 7 5 5 5 7 7 7 7 7 5 5 7 5 5 5 7 5 5 2 2
2 2 7 7 5 7 7 7 7 5 5 7 7 5 5 7 5 5 7 5 5 5 5 7 7 5 7 7 5 5 5 7 7 5 5 5 5 7 5 7 7 7 5 5 5 5 5 5 5 5 7 5 5 5 5 5 7 7 7 7 7 5 7 5 5 7 7 5 5 5 7 7 7 5 5 5 7 5 7 5 5 7 5 5 5 7 5 7 7 5 5 7 5 7 5 7 5 7 7 7 7 5 7 5 7 7 5 7 5 5 5 7 7 7 7 1 5 7 5 5 7 7 5 7 7 7 7 5 7 5 5 5 7 5 5 5 7 7 7 5 7 7 5 5 5 5 7 5 5 7 5 5 5 5 5 5 5 7 7 7 7 5 5 5 5 7 7 5 5 7 5 7 7 7 7 5 7 5 2 2
2 2 5 7 5 5 7 7 5 5 5 5 7 7 5 7 5 7 5 5 7 5 5 5 5 5 7 5 5 7 5 5 5 5 5 5 7 7 7 5 5 5 7 5 5 5 5 5 5 5 5 7 7 5 5 5 5 7 5 7 7 5 5 5 7 5 5 5 5 7 5 7 5 5 5 5 7 7 7 5 7 5 7 5 7 7 5 7 5 7 5 7 7 7 7 7 5 5 5 7 5 5 5 7 7 7 7 7 7 5 5 7 5 7 7 5 5 5 7 5 7 5 7 7 7 5 7 5 7 5 7 7 5 5 7 5 7 7 5 7 7 5 7 7 5 5 5 7 7 5 5 7 5 7 5 7 7 5 5 7 5 7 5 7 7 5 5 5 5 5 5 7 5 7 7 7 7 7 2 2
2 2 5 5 7 5 5 7 7 7 5 7 5 7 7 5 7 7 5 5 5 5 7 7 7 5 5 7 7 7 7 5 7 5 5 7 5 5 7 5 5 5 7 7 5 7 5 5 7 5 5 5 5 5 5 5 7 7 7 7 7 7 7 7 7 5 5 5 5 7 5 7 7 7 7 5 7 7 5 7 7 7 5 5 5 7 7 7 5 5 5 7 7 7 5 5 5 7 7 7 5 5 7 7 5 7 5 7 5 7 7 7 7 5 7 7 5 5 5 5 7 7 7 7 5 5 5 7 7 5 5 5 5 7 5 5 7 7 5 5 7 5 5 5 5 7 5 7 7 7 5 5 5 7 5 5 7 5 7 7 7 7 7 5 7 7 7 5 5 7 5 7 7 7 5 7 5 5 2 2
2 2 7 5 5 5 7 5 7 5 5 5 7 7 7 7 7 7 5 7 5 5 5 5 7 5 7 5 5 7 5 7 5 5 5 7 5 5 5 5 5 7 7 5 5 7 7 5 5 7 5 7 5 7 5 7 7 5 5 5 5 7 7 5 5 7 7 7 7 5 5 5 5 7 5 7 5 5 5 7 7 5 5 5 5 7 5 7 7 7 5 5 7 5 7 5 5 5 7 5 7 7 5 7 5 7 7 7 7 7 5 5 5 5 5 7 7 5 5 5 5 7 5 5 7 5 7 5 5 7 5 7 5 7 7 7 5 7 5 5 7 7 7 7 5 7 7 7 5 7 7 5 7 5 5 7 5 5 5 7 7 7 5 5 5 5 7 7 7 7 7 5 5 7 7 7 7 7 2 2
2 2 7 7 7 7 5 7 5 7 5 7 7 5 7 5 7 5 7 7 7 5 7 5 5 5 5 5 7 5 7 7 7 7 7 5 5 7 7 5 7 7 7 5 7 5 7 7 5 5 7 7 5 5 7 5 5 5 7 7 7 7 5 7 7 7 7 7 7 5 7 5 5 5 7 7 7 5 7 5 7 5 5 7 5 5 5 7 7 5 5 5 7 5 7 5 5 5 5 7 5 7 5 5 5 7 7 5 5 7 5 5 5 7 5 5 5 5 7 7 7 7 7 7 5 7 5 7 5 5 5 7 5 7 5 7 7 7 7 5 5 7 5 5 5 5 7 5 7 7 5 5 7 7 5 5 7 7 7 5 7 5 5 7 5 7 7 7 5 7 7 7 7 1 1 5 7 5 2 2
2 2 5 7 7 7 5 1 7 7 7 5 5 5 5 7 5 5 5 5 7 7 7 7 5 7 5 5 7 5 5 7 7 5 5 7 5 7 5 5 7 7 7 7 5 5 7 7 5 7 7 7 5 7 5 5 5 5 7 5 7 7 7 5 7 7 7 5 7 5 5 7 7 7 5 7 7 7 7 7 5 7 5 7 7 5 5 5 7 5 7 5 7 7 5 5 7 6 6 8 8 6 6 6 6 8 8 5 5 5 7 7 7 7 7 5 7 7 5 7 7 7 7 5 5 5 5 7 5 7 7 5 7 7 5 7 7 5 5 5 7 5 5 7 7 5 7 5 7 7 5 5 7 5 5 7 7 7 7 5 5 7 7 5 5 5 5 5 5 1 0 0 1 1 5 7 7 7 2 2
2 2 5 7 7 5 7 1 5 5 5 7 7 7 5 5 7 7 5 7 5 5 7 5 5 7 5 5 7 5 7 5 5 5 5 5 5 5 7 5 5 7 7 5 7 7 5 7 5 5 5 7 5 5 7 7 7 5 7 7 5 5 5 5 5 5 5 7 7 5 5 5 7 5 5 5 5 7 7 5 5 5 5 5 7 5 5 7 5 5 7 7 5 5 5 5 5 6 6 8 6 6 6 6 6 6 8 7 7 5 5 5 5 5 7 5 5 7 5 7 5 7 7 5 5 5 5 7 5 7 5 5 5 5 7 5 7 5 7 7 5 5 7 7 5 7 5 7 5 5 7 7 5 5 7 7 7 5 7 5 7 7 5 5 7 7 7 5 7 8 6 8 6 8 8 5 5 7 2 2
2 2 7 5 5 0 1 0 5 7 7 7 5 7 5 5 5 5 5 5 7 5 5 5 5 7 7 5 5 7 7 7 7 5 5 5 5 7 7 5 5 5 7 5 7 7 7 5 7 5 5 7 5 7 7 7 5 5 5 7 7 5 7 5 5 5 5 5 7 5 5 7 7 5 7 5 7 7 7 7 7 7 7 5 5 5 5 5 7 5 5 7 5 7 7 5 5 8 6 6 8 6 6 6 6 6 8 5 7 7 7 5 5 7 7 5 7 7 7 5 7 7 5 7 5 7 7 5 7 7 5 5 7 7 5 5 7 5 7 5 7 5 5 7 5 7 7 5 7 7 7 7 7 7 7 7 7 5 7 5 7 7 7 7 5 5 7 5 7 8 8 6 6 8 6 7 5 7 2 2
2 2 5 5 7 1 7 5 7 5 7 7 5 5 7 7 7 5 5 7 7 5 7 7 5 7 5 7 7 5 7 7 7 7 7 7 7 5 5 5 7 7 7 5 5 7 7 7 7 5 5 7 7 7 5 5 7 7 5 7 5 5 7 5 7 7 5 5 7 7 5 7 5 7 7 7 7 5 5 5 7 7 5 7 7 7 5 7 5 7 7 5 7 5 5 7 7 6 8 8 6 8 8 6 6 6 8 7 7 5 5 7 7 5 5 5 5 7 7 7 7 5 7 7 7 5 7 7 7 5 7 7 7 5 5 5 5 7 5 7 7 5 5 7 5 7 5 5 5 7 5 5 7 5 5 7 7 7 7 5 5 5 7 7 5 5 5 5 5 8 6 6 8 6 6 5 5 7 2 2
2 2 7 5 0 0 5 5 7 7 7 5 5 5 5 7 7 7 7 5 7 5 7 5 5 5 7 7 7 7 7 5 7 5 7 7 5 7 5 7 7 7 5 5 5 7 5 5 7 5 5 5 7 5 7 7 7 7 7 5 7 5 7 7 7 7 5 7 7 5 5 7 7 7 5 7 5 7 5 7 5 7 5 5 5 7 7 7 5 7 7 7 5 5 7 7 7 6 6 6 6 8 6 8 8 8 8 7 7 7 5 7 7 5 7 5 5 7 7 5 7 7 7 5 5 5 7 7 7 5 7 7 7 7 7 5 5 5 7 7 7 5 5 7 7 5 7 5 7 7 7 5 7 5 5 5 5 7 5 7 7 5 5 5 5 5 5 5 7 6 8 8 8 6 6 7 7 5 2 2
2 2 5 7 1 1 5 5 7 5 5 7 7 5 7 5 7 5 7 7 5 7 7 5 7 5 5 7 7 7 5 7 5 7 5 7 7 5 5 7 5 5 7 7 7 5 5 7 5 7 7 5 7 5 5 5 7 5 7 7 7 7 7 5 5 7 5 5 5 7 5 7 5 7 7 7 7 5 7 7 5 5 7 7 7 7 7 7 7 5 5 7 5 5 5 7 5 6 8 6 6 8 6 8 8 8 6 7 5 5 7 7 7 7 5 5 5 7 7 5 5 7 5 5 7 7 7 7 5 5 5 5 5 5 5 5 5 7 7 5 7 5 5 5 5 5 5 5 5 7 5 5 5 7 5 5 5 5 5 7 5 7 5 7 5 5 5 5 5 6 8 8 8 6 8 7 5 7 2 2
2 2 7 7 5 7 5 5 5 7 7 5 7 7 7 7 7 7 7 5 7 7 7 5 7 5 7 7 7 5 7 5 5 7 5 5 5 5 5 7 7 5 5 7 5 5 5 5 7 5 5 5 7 7 5 7 7 5 5 5 7 5 7 5 5 7 5 7 5 5 7 7 7 7 5 7 7 7 7 5 7 5 7 7 5 5 5 5 5 7 7 5 5 5 5 5 5 6 6 8 8 6 8 8 8 8 6 7 7 7 5 5 7 7 5 7 7 5 5 5 7 7 5 5 5 5 7 7 5 7 5 7 7 5 7 5 7 5 7 5 5 7 5 7 5 7 7 5 7 5 7 5 7 7 5 7 7 5 5 5 7 5 7 7 7 5 7 5 5 8 8 6 8 6 6 5 7 7 2 2
2 2 5 5 5 5 5 5 5 5 7 5 5 5 7 5 5 5 7 7 5 5 7 5 7 5 5 7 5 5 5 7 7 5 5 7 7 5 7 7 7 7 5 7 7 7 5 7 7 7 5 7 7 5 5 5 7 5 7 7 7 7 5 5 7 7 5 7 5 5 5 5 5 7 5 7 5 7 5 5 5 7 7 7 7 5 7 5 7 5 7 5 7 7 5 5 5 6 8 6 6 6 6 8 8 6 6 7 7 7 7 5 7 7 7 7 5 5 5 7 5 7 7 7 7 5 7 5 5 7 7 5 5 5 7 7 5 7 7 5 7 7 7 5 5 7 5 5 5 7 7 7 7 7 5 5 7 7 7 7 7 7 7 7 7 5 5 5 7 7 5 7 7 7 7 7 7 7 2 2
2 2 5 7 5 7 5 7 5 7 7 7 7 7 7 7 5 7 5 5 5 7 5 5 7 5 7 5 7 7 5 5 7 5 7 7 5 5 5 7 7 7 5 5 5 7 5 5 7 5 5 5 7 5 5 5 7 5 5 5 7 7 5 5 7 7 7 7 5 5 7 7 5 7 7 7 7 7 5 5 7 5 7 7 7 7 0 0 5 7 7 5 7 7 7 5 5 6 8 6 8 8 6 8 6 8 8 5 5 7 7 7 7 5 7 5 7 5 5 5 5 5 5 5 5 5 5 5 7 7 7 5 7 5 7 7 5 5 7 5 5 5 7 7 7 7 5 7 5 5 5 7 7 5 5 7 7 7 0 0 1 5 7 7 7 5 7 5 5 7 5 7 5 5 5 7 5 7 2 2
2 2 7 5 7 5 7 5 5 7 7 7 5 5 7 5 5 7 5 5 5 5 5 7 5 7 5 7 5 5 7 7 5 7 7 5 5 5 7 7 7 7 5 7 5 5 7 5 7 5 5 7 7 7 5 7 5 5 7 7 5 7 5 5 5 5 5 7 7 7 5 7 7 7 7 5 5 5 7 5 7 5 7 5 1 0 1 0 7 7 7 7 7 7 7 5 7 6 8 6 6 8 8 6 8 8 8 7 7 7 5 5 5 7 5 5 5 5 5 7 5 5 5 5 7 5 7 5 7 7 7 5 5 5 7 7 7 5 5 5 5 7 7 7 5 5 5 7 5 7 5 7 5 5 7 5 7 5 5 0 0 1 5 5 5 7 7 5 7 5 7 7 5 7 7 5 5 5 2 2
2 2 7 7 5 5 7 7 5 7 7 5 5 7 7 5 7 5 7 5 7 7 7 5 7 7 5 7 7 7 7 7 5 5 5 7 5 7 7 7 5 7 5 7 5 5 7 7 5 5 7 7 5 5 5 7 5 7 5 7 7 7 5 7 5 5 7 7 5 5 5 5 7 5 7 7 5 5 7 5 7 5 5 7 7 7 5 1 0 0 5 7 5 5 7 5 5 5 5 5 7 7 5 5 7 7 5 7 5 5 5 5 5 7 5 7 5 7 7 5 7 5 7 5 5 5 7 5 7 5 5 5 7 7 7 7 5 7 5 7 7 7 5 5 5 7 7 5 5 5 7 7 5 7 5 5 7 7 0 1 7 5 7 7 5 5 5 5 5 5 7 7 5 5 5 7 5 7 2 2
2 2 5 7 7 5 5 5 5 5 7 5 7 7 5 5 7 5 5 5 7 7 7 7 5 7 5 5 5 7 7 7 5 5 5 7 5 5 5 5 7 5 7 7 5 5 7 7 7 7 5 5 7 5 7 7 5 5 5 7 5 7 5 5 5 7 7 5 5 5 7 5 5 7 5 7 7 5 7 7 5 5 5 7 7 0 0 0 5 7 7 5 7 5 5 5 5 7 5 7 5 7 7 5 5 7 5 5 7 5 5 5 7 7 7 5 5 5 5 7 5 5 5 5 5 5 7 5 5 7 7 5 7 7 5 5 5 7 5 7 5 5 7 7 7 7 7 7 5 7 7 5 5 7 7 7 5 7 7 7 5 5 7 5 5 5 7 5 5 7 5 5 7 7 7 5 7 5 2 2
2 2 7 7 5 7 7 7 7 5 5 7 7 5 7 7 5 7 5 7 5 7 5 5 7 5 7 7 7 5 7 7 7 5 5 7 7 5 5 7 5 7 7 7 7 7 7 5 7 7 7 5 7 5 5 5 7 5 7 7 5 7 5 5 5 7 5 5 5 7 5 5 5 5 5 5 7 5 7 7 5 7 5 7 7 5 7 5 5 7 7 5 7 7 5 5 7 5 5 5 7 7 5 5 5 5 5 5 5 5 7 5 7 7 5 5 5 7 7 5 5 5 5 7 5 7 5 7 5 5 7 5 5 5 5 5 7 7 5 5 5 7 5 7 7 5 5 5 5 5 5 5 7 7 5 5 5 7 7 5 5 7 5 5 5 5 5 7 5 5 5 5 5 5 5 7 7 7 2 2
2 2 5 5 5 7 5 5 5 7 7 5 5 5 7 5 7 5 7 7 5 7 5 7 5 5 5 5 7 5 7 5 5 7 5 5 5 5 5 5 7 7 7 7 7 5 5 5 7 5 5 7 5 7 7 7 5 7 7 5 7 5 5 7 5 7 5 7 5 5 7 7 7 7 7 7 7 5 5 5 5 7 7 7 7 7 5 7 5 5 7 7 5 5 7 5 7 5 5 5 7 5 7 7 5 5 7 7 7 5 7 5 5 7 7 5 7 5 5 7 7 7 5 7 7 5 5 7 7 7 5 5 5 7 5 7 7 7 7 7 7 7 5 5 5 7 5 5 7 5 7 5 7 7 7 5 7 7 5 5 5 5 5 5 5 5 7 7 5 5 7 7 5 5 5 5 7 7 2 2
2 2 7 5 5 7 7 7 5 5 5 5 5 5 5 7 5 5 5 7 5 7 5 7 7 5 5 7 7 5 7 5 7 7 5 5 7 7 5 7 7 5 5 5 7 5 7 5 5 7 7 7 5 5 5 5 5 5 7 7 5 7 5 7 5 7 5 7 7 5 7 5 7 5 5 7 7 7 7 5 7 7 7 5 6 6 8 8 8 8 8 6 8 5 7 7 7 7 7 5 8 8 8 6 8 6 7 7 5 7 5 5 5 5 7 5 5 7 5 5 5 7 7 5 7 5 7 7 5 5 7 5 5 5 5 5 5 7 7 5 7 5 7 7 7 5 5 7 7 7 5 7 5 5 7 5 5 5 5 5 5 5 5 5 7 7 7 7 5 5 5 5 5 7 5 7 5 7 2 2
2 2 5 7 7 5 7 5 7 7 5 7 5 7 5 5 5 5 5 5 7 7 7 5 5 7 7 7 7 5 5 7 7 5 7 5 5 5 7 5 7 7 7 5 7 7 5 7 7 7 5 5 7 5 7 7 7 7 5 5 7 7 5 7 5 5 5 5 5 7 7 5 5 5 7 5 7 5 7 5 5 7 5 5 6 6 8 8 8 6 6 8 8 7 0 1 7 5 5 7 8 6 6 8 6 6 5 5 7 5 7 7 5 5 7 7 5 7 5 5 7 7 5 5 7 7 5 5 7 5 5 5 5 7 7 7 7 5 7 5 7 5 7 5 7 7 5 7 7 5 5 7 5 5 5 7 7 5 5 7 7 7 7 5 5 5 7 5 7 5 5 7 7 5 7 7 5 5 2 2
2 2 5 7 7 7 7 7 5 7 5 7 5 7 7 7 5 5 7 5 5 5 7 5 5 7 7 5 5 7 5 5 5 5 5 5 5 7 7 7 7 7 7 7 7 5 7 5 5 5 7 7 5 5 5 5 7 7 7 7 7 7 5 5 7 5 7 5 5 7 5 7 5 7 7 7 5 7 5 7 7 7 7 5 6 6 8 6 8 6 6 6 6 1 0 0 0 7 7 7 8 6 6 6 6 6 5 7 7 5 7 5 7 5 7 7 7 7 7 5 7 7 5 7 5 5 7 5 5 5 5 5 5 5 7 7 5 5 5 5 5 5 5 7 7 5 5 7 7 7 5 7 5 5 7 7 5 7 7 7 7 7 5 7 5 7 7 7 5 7 5 7 5 5 5 7 7 5 2 2
2 2 7 5 5 5 7 7 5 7 7 7 7 7 7 7 7 7 5 5 7 7 5 5 7 7 5 5 7 5 5 7 7 7 5 5 7 5 7 7 5 5 5 5 5 5 5 7 5 7 5 5 7 7 7 7 5 5 5 7 5 5 7 7 7 7 5 5 7 5 5 7 5 7 7 7 7 7 5 7 5 7 7 7 6 8 6 8 6 6 6 8 6 5 7 0 1 7 5 5 6 6 8 6 8 8 5 7 7 5 7 5 5 7 5 5 5 5 7 7 7 7 7 7 7 7 7 5 7 7 5 5 7 5 5 5 5 5 7 5 7 7 5 7 7 7 7 7 5 7 7 7 5 5 7 5 7 5 5 5 5 5 7 7 5 5 5 7 5 5 5 7 7 7 7 7 7 5 2 2
2 2 5 7 7 7 5 7 7 7 7 7 5 7 7 5 7 7 7 5 5 7 7 5 5 7 7 5 7 7 5 5 5 7 7 5 5 5 7 7 7 7 5 7 7 7 5 5 7 5 5 5 5 7 7 5 5 5 5 5 5 5 7 7 7 5 5 7 5 5 5 7 5 5 7 7 7 7 7 7 7 7 7 7 6 8 8 6 8 8 6 6 6 7 5 7 1 5 5 7 8 6 8 6 6 8 5 7 5 5 5 7 5 5 5 5 5 5 5 7 7 5 7 7 5 7 7 5 7 7 5 7 5 7 7 7 7 7 7 5 5 5 7 7 7 5 5 7 7 5 7 7 5 7 7 5 5 5 7 5 7 5 5 5 7 7 5 7 5 7 5 5 7 7 7 5 5 7 2 2
2 2 7 7 2 2 2 5 7 7 7 5 5 5 7 7 5 7 5 5 5 5 7 5 5 7 7 7 2 2 2 5 7 7 5 5 5 7 5 7 5 7 7 5 7 7 7 5 5 5 5 7 7 5 7 5 5 7 7 5 7 5 7 7 5 5 5 7 7 5 5 5 7 5 7 5 7 5 7 5 7 7 7 7 8 8 6 6 8 6 8 8 6 5 7 7 5 5 7 5 6 8 8 8 6 8 7 5 5 5 5 7 5 5 5 7 7 7 5 7 5 5 5 5 5 7 5 5 7 7 5 7 7 7 7 5 5 7 5 7 7 7 5 7 5 5 7 5 7 7 5 5 5 7 5 5 5 5 7 5 7 7 7 7 7 5 5 7 7 7 5 5 7 5 7 5 5 5 2 2
2 2 7 7 2 2 2 7 7 5 7 5 7 5 5 7 7 5 7 7 5 5 5 5 7 7 7 5 2 2 2 7 5 5 5 5 7 7 5 5 5 7 5 7 5 7 5 7 7 7 5 7 7 5 5 7 7 5 7 7 7 7 5 5 7 5 7 7 7 5 5 5 5 7 7 5 5 7 7 7 7 5 5 5 8 8 8 8 6 8 8 6 6 5 7 5 5 5 5 5 5 5 7 5 7 7 5 5 5 7 7 5 5 5 7 7 7 5 5 7 5 5 7 7 5 5 5 5 5 7 7 5 5 5 7 7 5 5 5 7 5 5 7 5 7 5 5 5 7 7 5 5 5 5 5 5 5 5 5 5 7 5 5 7 7 7 5 7 7 5 7 5 7 5 5 7 5 7 2 2
2 2 5 5 2 2 2 7 5 5 7 7 5 7 5 5 7 7 5 5 7 7 5 7 7 7 5 5 2 2 2 5 7 7 7 7 7 7 5 7 5 7 5 7 7 7 5 7 7 7 5 5 5 7 7 7 5 7 5 7 5 7 7 7 7 5 7 7 7 5 5 5 7 5 5 7 7 5 7 5 5 5 5 7 8 6 8 6 6 8 6 8 8 5 5 7 7 7 7 7 5 7 7 7 5 5 7 5 5 5 5 5 7 7 5 5 5 5 5 5 7 7 5 5 7 5 7 7 7 7 5 5 7 5 7 5 7 7 7 7 7 7 5 5 7 5 7 7 5 5 5 5 7 7 7 7 7 5 5 7 7 5 7 7 7 5 5 5 5 7 5 7 5 5 7 7 7 7 2 2
2 2 5 7 5 7 7 5 5 7 7 5 5 7 5 7 7 7 5 5 7 5 7 5 5 5 7 7 5 5 5 5 5 5 7 5 5 5 7 5 5 7 5 7 7 5 5 5 5 5 5 7 7 5 5 5 5 5 7 5 5 5 7 7 7 5 7 5 5 5 5 5 5 5 5 5 5 7 7 5 5 5 5 5 6 8 8 8 8 6 8 6 8 5 5 5 5 7 5 7 7 5 7 7 5 5 7 5 5 7 7 5 5 5 5 5 7 5 5 7 5 7 7 7 5 7 7 7 5 7 7 5 5 5 5 5 7 0 1 0 7 5 7 7 5 7 5 7 5 5 5 7 5 7 7 7 7 5 5 7 7 5 7 5 7 7 7 5 7 5 7 5 5 5 5 7 5 5 2 2
2 2 7 5 7 7 5 5 5 5 7 5 7 7 7 7 5 5 7 7 5 7 5 5 7 7 7 7 5 5 7 5 7 7 5 5 5 7 7 7 7 7 5 7 5 7 5 7 5 7 5 5 7 5 7 7 5 7 5 7 5 5 5 7 7 7 5 7 7 5 5 7 5 5 5 7 7 5 7 5 5 7 7 7 7 7 5 7 7 7 7 7 7 5 5 7 7 5 7 5 7 7 5 5 7 7 5 5 5 7 7 5 7 7 7 5 7 5 7 5 5 7 5 7 5 5 7 2 2 2 2 5 5 7 7 5 7 7 0 1 7 5 5 5 5 7 7 5 5 5 5 7 5 5 5 5 7 5 7 7 7 5 7 5 7 5 5 5 5 7 7 5 7 5 7 5 7 5 2 2
2 2 5 5 5 7 7 5 7 5 5 5 5 7 7 5 5 5 5 7 7 7 5 5 7 7 7 7 7 7 5 5 5 7 7 7 5 5 7 5 7 7 5 7 7 5 5 5 7 5 5 7 7 5 7 7 5 5 7 7 7 5 7 5 5 7 7 5 7 5 5 7 5 7 5 5 7 7 5 7 7 7 5 7 7 5 5 5 7 5 7 7 7 7 5 5 5 5 5 7 5 5 5 5 7 7 7 5 7 5 5 5 5 7 7 5 7 5 5 5 7 7 5 5 5 7 7 2 2 2 2 7 5 7 5 5 7 7 0 7 7 7 7 5 7 5 7 7 5 5 5 7 7 7 7 7 7 7 7 7 5 7 7 5 7 5 7 7 5 5 7 5 5 5 7 5 7 5 2 2
2 2 7 5 5 5 7 5 5 7 5 7 5 7 5 5 7 5 7 5 7 5 5 7 7 7 7 5 7 5 5 7 5 7 5 7 5 5 5 7 7 5 7 7 5 7 5 5 7 7 7 7 7 5 5 7 5 5 7 7 7 7 5 7 7 5 7 7 5 7 5 7 5 7 7 5 7 5 7 5 5 1 1 7 5 7 5 7 7 7 5 7 7 5 5 5 5 7 7 7 5 7 7 5 5 7 7 5 5 5 5 5 7 7 5 7 7 5 7 7 5 5 7 7 7 7 5 2 2 2 2 7 5 5 7 7 5 5 1 1 0 7 7 5 7 5 5 5 5 7 7 5 7 5 7 5 5 7 7 7 7 5 7 7 7 7 7 5 7 7 7 5 7 7 7 7 5 5 2 2
2 2 7 5 5 7 5 5 5 5 7 7 5 5 5 7 5 7 7 5 5 5 7 5 7 5 7 7 5 7 5 7 7 5 5 5 5 5 5 7 5 7 7 7 7 5 7 5 7 7 7 7 7 7 7 7 7 7 5 5 7 5 7 7 5 5 7 5 5 7 7 5 7 5 5 5 5 7 5 5 0 0 2 2 2 2 2 5 7 5 7 7 5 5 5 7 5 5 7 7 5 7 5 5 7 7 7 7 7 5 5 7 7 5 7 7 7 5 5 7 5 7 7 7 5 7 5 2 2 2 2 5 5 7 5 7 7 5 7 7 0 7 5 5 5 5 7 7 7 5 7 5 7 5 7 5 5 5 5 7 7 7 5 5 5 5 5 5 5 7 7 5 5 5 7 7 7 7 2 2
2 2 5 5 7 5 7 7 7 7 5 7 7 7 7 5 7 7 7 5 5 5 5 7 7 5 7 5 5 7 5 7 5 5 7 7 7 5 5 7 7 7 5 5 5 7 7 5 7 5 5 7 7 5 5 7 7 5 5 7 7 7 5 7 7 5 5 7 7 7 7 7 7 7 7 5 7 7 5 7 1 7 2 2 2 2 2 5 7 5 7 5 5 7 7 7 7 7 7 7 5 7 5 7 5 7 7 5 5 5 5 7 5 7 5 7 5 7 7 5 5 5 7 7 7 5 5 7 5 7 7 7 5 5 5 7 5 7 7 5 7 5 7 7 7 7 5 5 7 5 7 7 5 5 5 5 5 5 5 5 7 7 5 7 5 7 7 5 7 7 7 5 5 7 5 7 7 5 2 2
2 2 5 7 7 7 7 7 7 5 7 5 7 5 5 5 7 5 5 5 7 7 7 7 7 7 7 5 7 5 5 7 5 5 7 7 5 5 5 7 5 7 5 5 7 5 7 5 7 7 5 5 5 7 5 5 7 5 7 7 5 7 5 5 7 5 5 7 7 5 5 7 7 7 7 7 5 5 7 5 7 7 2 2 2 2 2 7 7 7 5 5 7 7 7 7 7 7 7 7 7 5 7 5 5 5 7 5 5 7 5 7 7 5 7 5 5 5 7 7 7 7 5 5 7 5 5 5 7 5 7 5 7 5 7 7 7 5 5 5 5 5 7 5 7 5 7 7 7 7 5 5 7 7 7 5 7 7 5 5 7 5 7 7 7 7 5 5 7 5 5 7 7 5 5 5 5 7 2 2
2 2 7 7 5 7 7 5 5 5 7 7 5 5 7 7 7 7 7 5 7 5 5 7 5 5 7 7 5 5 5 5 7 5 5 7 5 5 7 5 7 7 7 7 5 7 7 7 5 7 7 7 7 5 7 5 5 5 5 7 7 7 5 7 5 5 5 5 5 5 5 7 5 7 5 5 7 7 7 7 7 7 2 2 2 2 2 5 7 5 5 5 7 7 5 5 5 5 7 5 5 7 7 5 7 5 5 5 5 7 7 7 7 5 5 5 7 7 5 7 5 5 7 7 7 7 5 7 7 5 5 7 5 7 7 7 5 5 7 5 7 5 5 5 7 1 1 5 7 5 7 7 7 5 5 7 7 5 5 5 5 7 5 7 5 7 5 5 7 7 5 2 2 2 2 2 5 7 2 2
2 2 7 7 7 7 7 7 5 7 7 5 7 5 7 5 5 7 7 5 5 7 7 7 7 5 7 5 5 7 7 7 5 5 7 7 7 5 7 7 5 5 7 7 7 7 7 5 7 7 5 7 7 7 7 7 5 5 7 7 5 5 7 7 5 7 5 7 7 5 7 5 5 5 7 7 7 7 5 7 7 5 2 2 2 2 2 5 7 7 5 7 7 5 7 5 7 5 7 5 7 7 7 5 7 7 7 7 7 7 7 7 7 7 5 7 5 7 7 5 7 7 7 7 7 5 7 5 5 5 5 5 7 5 5 7 7 5 7 7 7 7 5 1 5 0 1 5 5 5 5 7 5 5 5 7 7 7 5 5 5 7 7 5 5 5 7 5 7 7 7 2 2 2 2 2 7 7 2 2
2 2 5 5 7 7 5 7 5 7 5 5 5 5 7 5 7 5 7 5 5 7 5 7 7 5 5 5 5 7 5 5 7 5 7 5 7 5 5 5 5 5 5 5 7 7 5 5 5 7 7 7 7 5 5 7 7 7 7 5 7 7 5 5 5 7 5 7 5 7 7 5 7 5 7 7 5 5 7 7 7 7 5 7 5 5 5 5 5 5 7 5 7 7 7 5 5 7 7 7 5 7 5 5 7 7 7 5 7 7 7 5 5 5 5 7 5 5 7 7 5 5 7 5 5 5 5 7 5 5 5 5 7 5 7 7 5 5 5 7 7 5 7 1 0 0 5 7 7 7 5 5 5 5 7 7 7 5 5 7 5 5 5 5 5 7 7 7 7 5 7 2 2 2 2 2 7 7 2 2
2 2 5 7 7 5 5 5 5 7 5 5 5 7 5 7 5 5 7 5 5 7 5 7 5 7 7 5 5 7 5 5 7 5 5 7 7 5 7 5 7 5 5 5 5 7 5 7 5 7 5 7 5 5 7 5 5 5 5 5 5 7 7 7 7 5 7 5 7 7 7 5 5 7 5 7 5 7 5 5 7 5 7 5 7 5 5 5 5 5 7 7 5 7 7 5 5 5 5 5 5 5 7 5 5 7 7 5 5 5 7 5 7 7 5 7 7 5 7 7 5 5 7 7 7 7 5 5 7 7 5 5 5 7 5 7 5 7 5 5 5 7 7 5 7 7 7 5 7 7 5 7 7 7 7 5 7 5 5 5 7 7 7 7 7 7 7 5 7 7 7 2 2 2 2 2 7 5 2 2
2 2 7 7 7 7 7 7 5 5 7 5 5 7 7 7 5 7 5 5 7 7 5 7 7 5 5 7 7 7 7 7 5 5 5 5 5 5 7 7 5 7 5 7 7 5 5 5 5 5 7 7 5 5 5 5 5 7 5 5 7 7 7 5 7 7 7 7 5 7 5 5 7 5 5 7 7 5 5 5 5 7 5 7 7 5 5 5 5 5 7 5 7 5 5 5 5 5 7 7 7 5 7 7 7 7 5 7 5 5 7 5 7 5 5 5 7 5 7 5 5 5 5 5 5 7 7 5 7 5 7 5 5 7 5 7 7 5 5 5 5 5 7 7 5 5 7 7 7 5 5 7 7 5 5 7 7 5 5 5 5 7 5 7 5 7 5 5 7 5 5 2 2 2 2 2 7 7 2 2
2 2 7 5 5 5 5 5 7 5 7 7 5 5 5 5 7 7 7 7 7 5 5 5 7 5 5 7 7 7 7 7 5 7 5 7 7 7 7 7 7 5 7 7 7 7 5 7 7 5 5 7 5 5 7 7 5 5 5 5 7 7 7 7 5 5 7 7 7 5 5 7 7 7 7 5 7 7 7 5 7 5 7 5 5 5 5 5 5 5 5 7 5 7 7 5 5 5 7 7 5 7 7 7 7 5 5 5 5 5 5 5 7 5 5 5 5 7 7 7 5 5 5 7 7 7 5 5 5 7 7 5 7 5 5 7 7 5 7 5 5 7 7 5 5 5 7 7 5 7 5 5 5 5 7 5 5 5 5 5 7 5 5 7 5 5 7 7 5 7 7 5 5 5 7 7 5 5 2 2
2 2 5 7 5 7 5 7 5 7 7 7 7 7 7 5 5 7 5 7 5 5 5 5 5 5 7 5 5 7 5 5 7 7 7 5 7 7 7 7 7 5 5 7 7 5 5 5 7 7 5 5 5 5 5 5 7 5 7 7 7 7 7 7 7 5 5 7 5 7 5 5 5 5 7 7 7 7 7 7 7 5 5 7 5 5 7 5 7 5 5 5 5 7 7 7 5 5 5 5 5 5 7 5 7 7 5 7 5 5 5 5 5 7 7 7 5 7 7 7 7 5 7 7 5 5 5 5 7 7 5 7 5 5 7 7 7 5 7 7 7 5 5 7 7 7 7 7 5 7 7 5 7 7 5 5 7 5 7 5 7 5 7 7 7 7 5 5 5 7 7 5 7 7 7 5 7 7 2 2
2 2 7 5 5 5 5 7 0 5 7 5 7 5 5 7 5 7 5 5 5 7 7 7 5 5 7 7 7 5 5 7 5 8 8 6 8 8 6 8 6 6 7 5 0 0 1 5 7 5 7 7 5 5 5 7 5 7 5 5 5 7 7 7 7 5 7 5 5 5 5 7 7 7 7 5 5 7 7 5 5 7 5 7 7 7 5 5 5 7 5 7 5 5 7 5 7 5 7 5 5 7 5 5 7 5 5 7 7 7 7 7 5 5 5 5 7 7 5 5 5 5 5 5 5 7 7 7 7 7 5 7 7 7 5 5 7 7 7 7 5 5 7 5 7 7 5 5 7 5 7 7 7 7 7 5 7 7 5 7 7 5 5 5 7 5 7 5 5 7 7 7 7 7 7 5 5 7 2 2
2 2 5 5 7 5 5 7 1 0 7 5 7 5 5 7 7 7 7 7 7 5 5 5 5 7 7 5 5 5 7 5 5 8 6 6 6 6 8 6 8 6 5 5 1 5 7 7 5 5 7 5 7 7 7 7 5 7 7 7 7 5 7 7 7 7 7 7 5 5 5 7 5 7 7 5 7 7 7 7 7 5 7 5 5 5 7 5 7 5 7 5 7 7 7 5 5 5 7 7 5 7 7 7 5 7 7 7 5 7 7 7 7 5 7 7 5 5 5 5 7 5 7 5 5 5 5 5 5 5 5 7 7 5 5 7 7 7 5 5 7 5 7 5 7 7 5 5 5 7 7 5 7 7 5 5 5 5 5 5 7 5 5 7 7 7 7 7 7 5 7 7 7 7 5 7 7 7 2 2
2 2 7 5 5 5 7 7 0 0 0 1 7 5 5 7 7 5 7 5 7 5 7 5 5 5 5 7 7 5 5 5 7 8 8 8 6 6 6 8 8 8 5 7 0 7 7 7 5 5 7 5 7 7 5 5 5 7 5 7 7 5 5 5 7 7 7 5 5 7 7 5 7 5 5 7 5 5 7 5 5 7 7 7 7 5 7 5 7 7 5 5 5 5 5 5 7 7 7 5 7 7 7 5 5 5 7 5 7 5 5 7 5 7 7 5 5 5 7 7 7 7 7 7 7 5 5 5 7 5 5 7 5 5 7 5 7 7 7 5 7 5 7 7 7 5 5 5 5 7 7 5 7 5 7 7 7 5 7 5 7 7 5 5 5 5 5 7 5 7 5 5 7 7 7 7 7 7 2 2
2 2 7 5 7 5 7 7 5 7 5 5 5 5 7 7 5 7 7 5 7 5 5 5 7 5 7 5 7 5 5 7 5 6 8 8 6 6 6 8 6 6 7 5 7 5 5 5 5 7 5 5 5 5 5 7 7 5 5 5 5 5 7 5 5 5 5 7 5 7 5 5 7 5 7 5 7 5 7 5 5 7 7 5 7 7 5 5 7 5 5 5 7 7 5 5 5 5 7 7 5 7 5 5 7 5 5 7 5 5 5 5 7 7 5 7 7 7 7 5 7 7 7 5 5 7 5 5 5 7 5 7 5 7 7 5 5 5 7 5 7 7 7 7 5 7 7 5 7 5 5 7 5 7 5 7 5 7 7 5 7 7 7 5 7 7 5 5 5 7 7 7 7 5 7 7 5 7 2 2
2 2 5 5 7 7 7 5 5 5 7 7 7 7 7 7 7 7 5 7 5 5 5 5 5 7 5 7 7 5 7 7 7 8 6 6 6 8 8 6 6 8 7 7 7 5 7 5 7 5 5 5 7 5 7 7 7 5 7 7 5 7 7 7 5 7 5 7 7 7 5 7 7 5 7 5 7 7 5 5 7 5 5 7 7 5 7 7 7 5 7 7 7 5 5 7 5 5 5 5 5 5 5 5 5 5 7 5 7 5 7 7 7 5 7 5 7 7 5 5 5 7 5 5 7 7 7 7 5 7 5 5 7 7 5 5 5 7 5 7 7 7 0 7 7 7 7 5 7 5 5 7 5 5 5 7 7 7 5 5 5 7 7 7 7 7 5 5 7 7 5 7 7 5 5 5 7 5 2 2
2 2 5 7 7 7 7 7 7 5 7 7 7 7 7 5 5 5 5 5 7 5 7 7 5 5 7 5 5 7 7 7 7 8 6 6 6 8 6 6 8 8 7 5 7 7 7 7 5 5 5 7 7 5 5 5 5 5 5 7 7 7 7 5 7 7 7 7 5 7 5 7 7 5 7 5 7 7 5 5 7 7 5 5 5 7 7 7 7 7 5 5 5 7 7 7 7 5 5 7 7 7 5 5 5 7 5 5 7 7 5 7 7 7 7 5 7 7 5 5 7 5 5 5 7 7 5 5 7 5 5 7 7 7 5 5 5 0 1 5 7 7 0 5 5 7 7 7 7 7 5 5 1 0 1 5 5 7 7 5 7 5 7 7 7 5 5 7 7 7 7 7 7 5 7 7 7 5 2 2
2 2 5 7 7 5 5 5 5 5 5 5 7 7 5 7 7 5 7 5 5 7 7 7 7 5 7 5 7 7 5 7 5 6 8 8 8 6 6 8 6 6 7 7 7 5 7 5 7 7 5 7 7 5 7 5 7 7 7 5 5 5 7 5 7 5 5 5 5 7 5 7 5 7 7 7 5 7 7 7 5 7 7 7 7 5 7 5 5 7 5 5 5 7 5 7 5 5 7 5 7 7 5 5 7 5 7 5 5 5 7 5 7 5 5 5 7 7 7 5 5 7 5 7 5 7 7 5 7 5 7 5 5 5 7 5 7 1 0 5 5 0 0 7 7 5 5 5 5 7 5 5 1 0 1 5 5 7 7 7 5 7 7 5 5 5 5 7 5 5 7 5 5 5 5 5 7 5 2 2
2 2 5 7 5 7 5 5 5 5 7 5 7 5 5 7 5 5 7 7 7 7 5 7 7 5 5 7 5 7 7 7 5 8 8 6 6 8 8 8 6 6 7 5 7 7 5 5 5 7 7 7 7 5 7 5 5 7 5 7 5 5 5 5 5 7 7 7 5 7 7 7 7 5 7 7 5 5 7 7 7 5 5 5 5 7 7 7 7 5 5 7 5 5 5 7 7 7 5 5 7 5 5 7 5 7 7 7 7 5 5 7 5 7 5 7 7 7 5 5 5 7 7 5 7 5 7 5 5 7 7 7 5 7 5 7 7 7 1 0 0 1 5 7 7 7 7 7 5 7 5 5 0 1 7 7 5 5 5 7 7 5 5 7 5 7 7 5 5 7 7 5 5 5 7 7 7 5 2 2
2 2 5 7 5 5 7 5 7 7 7 5 7 5 5 5 5 7 7 7 7 7 5 7 7 5 7 5 5 5 5 7 5 8 6 8 8 8 8 8 6 8 7 5 5 5 7 7 5 5 5 7 7 5 7 7 5 5 5 5 5 5 7 5 5 5 7 5 7 7 7 7 7 7 7 5 7 5 5 7 5 7 5 5 5 7 5 5 5 5 5 5 5 5 5 7 7 5 7 5 5 5 5 7 5 7 5 5 7 5 5 7 5 5 5 7 5 5 5 7 7 7 5 5 5 5 7 5 7 5 7 7 5 7 5 7 7 5 5 7 7 7 5 7 7 5 5 5 5 7 5 5 5 7 7 5 5 7 7 5 5 7 5 7 5 7 7 7 7 7 5 5 7 5 7 5 7 5 2 2
2 2 5 7 7 5 7 5 5 7 5 5 5 7 7 5 5 5 5 7 7 7 5 5 5 5 5 7 5 5 5 7 5 7 7 5 5 5 7 5 7 7 5 7 7 7 5 5 5 7 7 5 7 5 7 7 7 5 7 7 7 7 7 5 7 7 5 5 5 5 7 5 5 7 5 7 7 5 5 7 5 7 7 7 7 5 7 7 5 7 7 7 7 5 5 5 5 7 7 7 7 7 7 7 7 5 7 7 5 5 7 7 5 7 7 7 5 7 5 5 5 7 7 5 7 5 7 7 7 5 5 7 5 5 5 5 5 7 7 5 7 5 5 5 5 5 5 5 5 5 7 7 7 7 7 5 7 7 5 5 5 5 7 5 7 5 5 5 5 5 7 7 7 5 5 7 7 5 2 2
2 2 5 7 7 7 7 7 5 5 5 5 7 7 5 7 7 7 5 7 5 7 5 5 5 7 5 7 7 5 7 5 7 5 5 5 7 5 7 7 5 7 5 7 5 7 5 7 5 7 5 7 7 7 7 5 7 5 7 7 7 5 7 7 7 5 7 5 7 7 5 5 5 7 7 5 5 5 5 7 7 7 5 5 5 5 7 7 7 5 5 7 7 7 7 5 7 7 5 5 1 5 7 5 7 7 5 5 5 7 7 5 7 7 5 5 7 7 7 7 7 7 7 5 5 5 5 7 5 7 7 7 7 7 5 7 7 7 5 7 5 7 7 7 7 5 7 7 5 5 5 5 7 7 7 5 5 5 7 5 5 5 5 5 7 5 7 7 5 5 7 5 5 7 5 5 7 5 2 2
2 2 5 5 5 7 5 7 5 5 5 7 5 5 7 5 7 7 5 7 5 7 5 7 5 5 5 7 5 7 5 5 5 7 5 7 7 5 7 7 5 5 7 7 7 7 7 7 7 5 5 7 7 7 7 5 5 5 7 5 5 5 7 7 5 7 5 5 5 7 7 7 7 5 5 5 7 5 5 5 7 5 7 5 7 5 7 5 7 7 5 7 7 7 7 7 7 5 5 0 1 5 7 7 5 5 5 5 5 7 5 7 5 7 5 7 5 7 7 5 7 5 7 5 5 7 7 7 7 5 5 7 7 7 7 7 7 7 7 5 7 5 7 5 5 7 7 5 5 7 7 7 7 5 7 7 7 5 5 7 5 7 5 5 7 7 5 5 5 5 7 5 7 5 7 7 5 7 2 2
2 2 5 7 5 5 5 5 5 7 5 5 5 5 5 7 7 5 5 7 7 7 5 7 5 7 5 5 7 5 7 7 7 7 7 7 5 7 5 5 7 7 7 5 7 7 7 7 5 7 7 5 7 7 5 5 5 7 7 5 5 5 7 5 7 5 7 7 5 5 5 7 7 5 7 7 7 7 5 5 5 7 7 7 5 5 5 5 5 5 7 5 5 7 7 5 5 7 5 1 0 7 7 7 7 5 5 7 7 5 7 7 7 5 5 7 5 5 5 7 5 5 7 7 5 5 7 5 5 7 7 7 7 7 7 5 7 5 7 5 5 7 7 5 5 5 5 7 5 7 7 7 7 5 7 5 7 5 7 7 5 7 7 5 5 7 7 5 5 7 5 5 7 7 5 7 5 7 2 2
2 2 7 7 5 7 5 7 7 7 5 5 5 7 7 5 5 7 7 7 5 7 5 5 7 5 7 5 7 5 7 5 7 7 7 5 7 7 5 5 5 7 5 5 5 7 5 5 7 7 5 7 5 7 7 5 5 5 7 5 5 7 7 5 5 5 7 5 7 5 5 5 7 7 7 7 7 5 5 5 5 7 7 7 5 7 5 5 5 7 5 7 7 7 7 5 7 5 5 5 7 7 5 7 5 5 5 5 7 7 5 5 5 5 5 7 5 5 5 7 7 5 7 5 5 7 7 5 7 5 7 7 5 5 7 5 7 7 5 7 7 5 5 7 7 5 7 7 5 5 7 5 7 7 7 5 5 7 7 7 7 5 7 7 7 7 5 7 7 7 5 7 7 5 5 7 5 5 2 2
2 2 5 5 7 7 5 7 7 5 5 5 7 7 5 5 5 5 7 7 7 5 5 5 5 5 7 5 7 7 5 7 7 7 7 7 7 5 7 5 7 7 7 7 5 7 5 7 7 5 7 7 7 5 7 5 7 5 5 5 5 5 5 5 5 7 7 5 5 5 5 7 7 7 7 7 5 7 5 7 5 7 5 5 7 5 5 7 7 7 7 5 5 5 5 7 7 7 5 7 5 5 5 5 5 5 7 7 5 7 7 5 7 7 7 7 7 5 5 5 5 7 7 7 5 5 7 5 7 5 5 5 5 7 5 7 7 5 7 5 7 7 7 7 7 5 7 5 7 5 5 5 5 5 5 5 5 5 7 7 7 7 7 7 7 5 7 7 7 5 7 7 5 5 5 5 7 5 2 2
2 2 5 5 7 5 5 7 5 5 7 5 5 5 5 5 7 5 5 7 5 5 7 7 5 5 7 7 7 7 7 7 5 5 7 7 7 5 5 5 7 7 5 7 5 7 7 5 5 5 5 5 5 5 5 5 7 7 5 7 5 5 7 5 7 5 7 7 7 7 5 5 7 5 7 5 7 5 5 5 5 5 7 5 7 5 5 5 8 6 8 5 5 5 7 7 5 5 7 5 7 7 7 5 7 7 7 7 7 7 7 5 5 7 5 5 7 5 5 5 7 5 7 5 5 5 7 5 5 5 5 7 5 7 7 7 5 7 7 7 7 7 7 7 5 7 7 5 7 5 5 7 5 5 7 5 5 7 7 7 5 5 7 5 7 5 7 7 5 7 5 5 7 5 7 5 5 5 2 2
2 2 7 5 5 7 5 5 7 5 5 7 5 7 7 5 5 5 7 7 7 7 5 5 5 5 7 7 5 5 7 7 7 7 5 7 5 5 5 7 7 7 5 7 5 7 5 5 5 5 7 7 7 5 7 7 5 5 5 5 5 7 5 7 5 5 7 5 5 5 5 5 5 7 5 5 5 7 7 5 5 7 7 7 5 7 7 5 8 8 8 5 7 7 7 5 7 7 7 5 5 7 5 7 5 7 5 7 5 5 7 7 7 7 7 5 5 7 7 7 7 7 5 5 5 5 7 7 7 5 7 5 5 5 7 5 5 5 7 7 7 5 7 7 7 5 7 5 5 5 7 5 7 7 7 5 7 5 7 7 5 7 7 5 7 7 7 7 5 7 7 5 7 7 7 5 7 7 2 2
2 2 5 5 7 5 5 5 5 7 5 5 5 5 7 7 5 7 5 5 5 5 5 7 7 5 5 5 5 7 7 5 5 5 5 7 7 5 5 7 7 5 5 7 7 7 7 7 7 7 5 7 7 7 7 7 7 1 7 2 2 2 2 5 5 7 7 7 7 5 7 7 7 5 5 5 7 7 5 7 7 7 7 5 7 5 7 5 6 8 6 5 5 5 5 7 5 5 5 7 7 7 7 5 7 5 5 5 7 7 7 7 5 5 7 5 7 5 7 7 7 7 7 7 7 7 7 7 5 5 7 7 7 5 5 5 7 5 7 7 5 5 7 7 5 5 5 7 7 5 7 7 5 7 7 5 5 5 7 5 7 5 5 5 7 7 5 7 5 7 7 7 5 5 5 5 5 5 2 2
2 2 5 5 5 7 7 5 5 7 5 7 7 5 7 7 7 5 5 7 5 7 7 5 5 5 5 7 5 7 7 5 7 5 7 5 5 5 7 7 7 7 5 5 7 7 7 5 7 5 5 7 5 7 7 0 0 1 5 2 2 2 2 7 7 7 7 7 7 7 7 5 7 5 5 5 7 5 5 5 7 7 5 7 7 5 5 7 5 7 7 7 7 7 5 7 5 5 7 5 7 5 7 5 7 5 7 7 5 7 5 5 5 7 7 5 7 5 5 7 7 7 7 7 7 7 7 5 5 5 7 5 5 7 7 7 7 7 7 5 5 5 5 5 7 5 7 5 5 7 5 7 7 5 5 5 5 7 7 5 5 7 5 7 5 5 5 7 5 7 7 5 7 5 5 5 7 7 2 2
2 2 5 5 7 5 5 5 7 7 5 5 5 7 5 5 5 7 5 7 7 7 5 5 5 5 5 7 7 5 5 7 7 5 5 5 7 7 7 5 5 7 5 7 5 7 7 5 7 5 7 5 5 7 7 0 1 0 5 2 2 2 2 5 7 5 5 5 5 7 7 5 5 7 5 5 5 5 7 5 7 7 5 5 7 2 2 2 2 2 7 5 7 7 5 7 5 7 5 7 5 5 7 7 5 5 7 7 5 5 5 7 5 7 7 7 5 7 7 5 7 7 5 7 7 5 7 7 5 5 7 7 7 7 7 7 7 7 7 7 5 5 7 5 7 7 7 5 5 7 7 7 5 5 5 5 7 5 5 5 5 7 7 5 5 5 5 7 7 5 5 7 7 5 7 5 7 5 2 2
2 2 5 7 7 7 5 7 7 7 5 7 5 5 5 7 5 7 7 5 5 5 7 5 7 5 5 7 7 7 5 5 7 5 5 5 7 5 7 5 7 5 5 7 7 5 5 7 7 5 7 7 5 7 5 7 1 5 7 2 2 2 2 5 5 5 7 5 5 5 7 7 7 5 5 5 7 5 5 5 7 7 5 5 7 2 2 2 2 2 7 5 5 7 7 5 7 5 5 5 5 7 7 7 7 7 5 5 5 5 7 5 5 5 7 7 7 5 5 5 5 5 5 5 7 7 5 7 7 7 5 7 5 7 7 5 5 7 7 5 7 7 7 5 7 7 7 7 5 7 5 7 7 5 5 7 7 5 5 5 5 7 7 5 5 5 7 5 5 7 7 5 5 5 7 7 7 5 2 2
2 2 5 5 5 5 7 5 7 7 5 5 5 5 5 5 7 7 5 5 7 7 5 7 7 7 5 5 7 5 5 7 5 7 5 5 5 7 7 5 5 5 7 7 7 5 5 5 5 5 7 5 7 5 5 7 7 5 7 5 7 5 7 7 5 5 5 7 7 7 5 5 7 5 5 7 5 7 7 7 5 7 7 7 7 2 2 2 2 2 2 2 7 7 7 7 7 7 7 5 7 7 7 5 5 5 7 7 5 7 7 5 7 5 5 5 5 7 7 7 7 7 7 7 7 5 5 7 7 7 5 5 7 5 7 5 7 7 5 7 7 7 5 5 7 7 5 7 7 7 5 7 7 5 5 5 7 5 5 7 7 5 5 7 5 7 7 7 5 7 7 5 5 5 5 7 5 7 2 2
2 2 7 7 5 7 7 5 7 7 7 7 5 5 7 7 7 5 7 5 7 7 7 5 7 5 5 5 7 5 5 5 7 7 7 5 5 5 7 7 7 7 5 7 5 7 7 5 7 5 5 5 5 5 7 7 5 5 7 7 7 7 7 5 7 5 5 5 5 7 7 7 5 5 7 5 5 7 7 5 5 7 7 5 5 2 2 2 2 2 2 2 5 5 5 5 5 5 5 5 7 7 7 7 5 7 7 7 5 5 5 7 7 5 5 5 7 7 5 7 7 5 7 7 5 7 5 5 5 7 7 5 7 7 7 5 5 5 5 5 5 7 7 7 7 5 7 7 5 5 7 5 7 7 7 7 5 5 5 7 7 5 7 5 5 5 7 7 7 7 7 5 5 5 5 7 7 7 2 2
2 2 5 7 7 7 7 5 5 5 7 7 5 7 7 7 7 5 5 5 5 5 7 5 5 5 5 7 7 5 7 5 5 5 5 7 5 5 5 5 7 7 7 7 7 5 5 5 7 7 5 7 5 7 5 7 7 7 7 5 5 5 7 5 7 7 7 5 7 7 7 5 5 7 7 5 5 5 5 7 7 7 5 5 5 2 2 2 2 2 2 2 5 7 7 7 7 7 5 5 5 5 5 5 5 7 5 5 5 5 5 7 7 5 5 5 5 5 5 5 5 7 7 7 7 7 5 5 7 5 5 7 7 5 7 7 5 5 7 7 5 5 5 5 7 7 5 7 5 7 7 7 7 7 7 5 7 5 5 7 7 7 5 5 7 5 5 7 7 5 7 5 7 7 7 7 7 7 2 2
2 2 7 5 5 5 5 7 5 5 5 7 5 7 5 5 7 5 5 5 5 5 7 5 7 5 5 5 7 5 5 5 7 7 5 5 5 7 5 5 5 5 5 5 7 5 5 7 7 7 7 7 7 5 7 5 5 7 7 7 5 5 5 5 7 5 7 5 7 7 7 5 5 5 7 7 5 5 5 7 5 5 7 5 7 7 7 5 7 7 7 7 7 5 5 7 5 5 7 7 7 7 7 5 5 5 5 7 5 7 5 7 5 5 7 7 5 7 5 7 7 5 7 7 7 7 5 5 5 5 5 5 5 5 5 7 5 5 5 7 5 7 5 7 7 7 5 7 5 7 5 5 7 5 5 5 5 5 5 7 5 7 7 5 5 7 7 5 5 7 5 7 5 7 5 7 5 7 2 2
2 2 7 5 7 7 5 5 7 7 5 7 7 5 5 5 7 5 7 7 7 7 7 7 5 5 7 7 7 7 7 7 5 5 7 5 7 7 5 5 7 5 7 5 7 7 7 7 7 7 5 7 5 5 7 7 7 7 5 7 7 5 7 5 7 5 7 5 7 5 5 5 7 7 5 5 5 7 7 5 7 7 5 7 7 5 7 5 7 7 7 5 7 7 5 7 5 5 5 7 5 7 5 5 7 5 5 5 5 7 5 7 5 7 7 7 5 7 7 5 7 7 7 7 5 5 5 5 5 5 7 5 7 5 7 5 7 5 5 7 5 5 7 7 7 7 7 7 5 7 7 7 5 5 5 7 5 5 7 7 7 7 7 5 5 7 7 7 7 7 5 7 5 7 7 5 5 7 2 2
2 2 7 7 5 7 7 7 5 7 7 5 7 7 5 5 7 7 5 7 7 5 5 5 7 7 5 7 5 5 7 5 5 5 7 7 7 5 7 5 5 7 7 7 5 5 7 5 7 5 5 7 5 5 5 7 5 7 5 5 7 5 7 5 5 7 5 5 7 7 7 5 5 7 7 7 7 5 5 5 5 7 5 5 5 7 7 5 2 2 2 5 7 5 5 7 7 5 5 7 5 7 7 7 5 5 5 7 7 5 5 5 7 5 5 7 5 7 7 5 7 5 7 7 5 7 5 7 7 5 7 5 5 5 5 5 5 7 7 7 7 5 7 5 5 7 5 7 7 5 5 7 5 7 7 7 7 5 7 7 5 7 7 5 7 5 7 7 5 7 5 7 7 5 5 7 5 5 2 2
2 2 7 7 5 7 7 7 5 5 5 5 7 5 7 5 7 7 7 5 7 5 5 7 5 7 5 5 5 7 5 5 7 5 5 7 5 5 7 7 5 7 5 5 7 7 7 7 7 7 5 5 5 7 5 5 7 7 7 5 5 5 5 7 7 7 7 5 5 7 5 7 7 7 5 5 7 5 7 7 7 7 7 7 5 7 7 7 2 2 2 7 7 7 7 5 7 5 7 5 5 7 5 5 5 5 5 7 7 5 5 5 5 7 5 5 7 7 7 7 7 5 7 7 7 5 5 7 7 5 5 7 7 7 7 5 5 7 7 5 7 5 7 7 5 7 5 5 7 7 7 5 7 5 5 7 7 5 5 7 7 7 5 5 7 7 7 7 5 5 5 5 7 5 7 7 5 5 2 2
2 2 7 5 5 5 7 7 7 5 5 5 5 5 5 7 7 7 5 7 5 5 5 5 5 5 5 5 7 5 5 7 5 7 7 5 5 7 5 5 7 7 5 7 7 5 5 7 5 5 5 5 5 5 7 5 5 5 7 7 7 7 7 5 5 5 7 7 7 7 7 7 7 7 7 5 5 5 7 5 7 7 5 5 7 7 7 5 2 2 2 5 5 5 5 5 5 7 7 5 5 7 7 5 5 5 7 5 7 5 5 7 5 5 5 5 7 7 5 5 5 7 5 5 5 5 7 7 7 7 7 7 7 7 5 5 7 5 5 7 7 5 7 5 7 5 7 7 7 5 5 7 5 5 7 7 7 5 7 5 7 7 7 5 7 7 5 5 5 5 7 5 7 7 5 5 5 5 2 2
2 2 7 5 7 7 7 5 5 5 7 7 5 7 7 5 5 7 7 5 5 5 5 5 7 7 5 7 5 7 7 5 7 5 5 5 7 5 7 5 7 7 7 7 5 7 7 7 7 5 5 5 7 5 7 5 7 7 5 7 5 7 5 5 7 5 7 7 5 5 5 7 7 7 5 5 5 7 5 7 7 5 5 5 7 5 5 5 5 5 7 5 7 7 7 7 7 7 7 5 7 7 7 7 5 5 7 7 5 7 5 5 7 5 7 5 5 5 5 7 5 5 5 5 7 5 5 5 7 7 7 5 7 7 7 5 7 5 5 7 5 5 5 7 5 5 7 5 7 7 5 7 7 5 7 7 5 7 7 7 7 5 5 7 7 5 7 7 7 7 7 7 7 5 7 7 5 5 2 2
2 2 5 5 7 7 7 7 7 5 7 5 7 7 5 7 5 7 7 5 7 7 5 5 7 7 7 5 5 5 5 5 5 5 7 7 5 5 7 5 5 5 5 7 7 7 5 5 5 5 5 5 7 7 7 7 7 7 7 5 5 5 5 5 5 7 5 5 5 7 5 5 7 5 7 5 7 5 7 7 5 5 7 5 5 5 5 7 5 5 7 7 5 7 5 5 7 5 5 7 7 7 7 7 5 7 5 5 5 7 7 5 7 5 5 7 7 5 5 5 7 5 5 5 5 5 7 5 7 5 7 7 5 5 5 5 7 5 5 5 5 5 5 7 5 5 5 7 5 5 7 7 7 7 5 7 7 7 7 5 7 7 7 7 7 7 5 7 5 7 7 7 5 5 5 5 7 7 2 2
2 2 7 5 7 7 5 7 7 5 7 7 5 5 5 7 7 7 5 5 7 7 7 5 5 5 5 7 7 5 5 5 7 5 7 7 7 7 7 5 7 7 7 7 5 7 5 7 5 7 5 7 7 7 7 5 5 5 7 5 7 5 5 7 5 7 7 5 7 7 5 5 5 7 7 7 7 7 7 5 7 7 7 7 5 5 5 7 5 5 5 7 5 5 7 7 5 7 7 5 7 5 7 5 7 7 5 5 7 7 5 5 7 5 7 5 5 5 5 5 7 7 5 7 5 5 7 7 7 5 5 5 5 7 7 7 7 5 5 7 5 7 5 5 5 5 5 7 5 5 5 5 7 5 5 5 7 7 7 7 5 5 5 5 5 7 5 7 5 5 7 5 5 7 7 7 5 5 2 2
2 2 5 5 5 5 7 7 7 7 7 7 7 5 7 7 7 5 5 7 5 5 7 5 7 5 7 5 7 7 5 5 7 5 7 7 7 5 5 7 5 7 5 5 7 5 5 7 5 5 7 5 5 7 5 7 7 7 5 5 7 7 7 5 7 5 5 5 5 5 7 7 5 5 7 7 5 5 7 7 7 7 5 7 5 5 7 7 5 7 5 7 7 5 7 5 7 5 7 7 7 5 5 5 7 7 5 7 5 7 5 5 5 7 7 5 5 5 5 5 5 7 7 7 7 5 5 7 7 7 7 7 5 5 7 7 5 7 7 7 5 5 7 7 5 5 7 5 7 5 7 5 7 5 5 7 5 5 5 5 5 5 5 5 7 5 7 7 5 7 7 7 7 5 7 7 7 5 2 2
2 2 7 7 7 7 5 5 7 5 7 7 7 7 5 5 5 7 7 7 7 5 7 5 7 5 7 5 7 7 5 7 7 5 7 5 7 5 5 5 5 7 7 5 5 5 5 7 5 5 7 7 5 5 7 7 7 5 7 7 5 7 5 5 7 7 5 7 5 5 7 5 7 7 5 5 5 5 7 5 5 5 5 5 7 7 2 2 2 5 7 7 5 7 7 7 7 5 5 5 7 5 7 5 7 7 5 7 7 7 7 5 7 7 5 7 5 7 5 7 7 5 7 5 5 7 7 5 5 7 5 7 5 7 7 5 7 5 7 5 7 5 5 7 7 5 5 5 5 5 7 7 7 7 5 7 5 5 5 7 7 5 5 5 5 7 7 7 7 5 7 7 7 7 7 5 7 5 2 2
2 2 7 7 7 7 7 7 5 5 7 7 5 5 5 5 7 7 7 7 7 7 5 5 7 5 7 7 7 7 7 5 7 7 5 7 5 7 5 7 5 5 7 7 5 5 5 5 7 5 5 7 7 7 5 7 5 7 5 5 7 7 7 5 7 5 5 5 5 5 7 5 7 7 5 5 5 5 7 5 7 7 7 7 7 5 2 2 2 5 5 5 5 7 5 5 7 5 5 7 7 7 5 7 7 7 7 5 5 5 5 5 7 7 5 7 7 7 5 7 5 5 7 7 5 7 5 5 5 5 5 5 5 5 7 7 5 5 7 5 5 5 5 5 7 5 7 5 5 5 5 5 7 5 5 7 7 7 7 5 5 5 7 5 5 7 7 7 7 5 7 7 5 5 7 7 5 5 2 2
2 2 7 5 5 5 5 7 5 5 5 5 7 5 5 5 7 5 5 7 7 5 5 5 5 5 5 7 5 7 7 5 5 7 5 7 7 5 7 7 5 5 5 5 5 5 7 5 5 7 5 7 5 7 5 7 5 5 7 7 5 5 5 5 5 5 5 5 5 5 5 7 7 7 7 7 5 7 7 7 7 7 7 5 5 5 2 2 2 7 5 5 5 7 7 5 5 5 7 5 7 7 5 5 7 7 5 5 7 7 7 7 7 5 5 7 5 5 7 7 7 7 5 5 5 5 5 5 5 7 7 5 5 7 5 5 7 5 7 7 7 5 7 7 7 5 7 5 5 5 7 5 7 5 7 7 5 7 7 7 7 7 7 7 7 5 7 7 5 7 7 5 5 7 5 7 5 7 2 2
2 2 7 5 7 7 7 7 7 7 5 7 5 7 7 7 5 7 7 5 7 7 5 5 5 5 5 7 5 5 5 7 7 7 5 7 5 7 7 5 7 7 7 5 5 5 7 7 7 7 7 5 7 5 5 7 7 7 5 5 7 5 7 7 5 5 7 5 7 7 7 7 5 7 5 7 5 5 5 5 5 7 7 5 5 5 5 7 5 7 5 5 7 5 5 7 7 5 5 7 7 7 5 7 5 7 7 7 7 7 7 5 5 5 5 5 7 5 5 5 7 5 7 7 5 7 5 7 5 5 5 5 7 7 7 5 5 7 7 7 7 7 5 5 5 7 7 7 5 7 5 5 7 5 5 5 7 7 5 5 7 7 7 5 5 5 5 5 7 5 7 5 7 5 7 7 5 5 2 2
2 2 5 7 5 7 5 5 5 7 5 5 5 7 7 7 5 5 5 7 5 7 7 5 5 5 7 5 5 7 5 7 7 5 5 5 7 5 7 7 5 5 5 7 5 5 5 7 5 5 5 5 5 5 7 7 7 7 7 5 7 5 5 5 7 7 7 7 5 7 5 7 7 5 7 5 7 7 7 5 5 5 5 7 5 7 5 5 7 5 7 5 7 5 7 5 5 7 7 7 5 5 5 7 5 7 5 5 5 7 5 7 5 5 7 7 5 7 5 5 5 5 7 7 5 7 5 7 5 5 5 7 7 5 5 7 7 7 5 7 5 5 5 7 5 7 7 5 7 5 7 5 5 7 7 7 7 7 7 5 5 5 7 5 7 7 5 5 5 5 5 7 5 7 5 5 5 7 2 2
2 2 5 7 5 5 7 5 5 5 7 7 7 5 7 5 5 5 5 5 5 5 7 7 7 7 7 5 5 7 5 5 7 5 5 5 7 5 7 5 7 5 7 7 5 5 5 5 5 5 5 5 5 5 5 7 7 7 5 7 7 7 5 7 7 7 5 5 5 5 5 5 5 5 7 5 7 5 7 7 5 7 5 5 7 5 7 5 7 7 7 7 5 5 5 5 5 5 5 5 5 5 5 7 5 5 5 5 7 7 7 5 7 7 5 5 5 5 5 5 5 7 7 7 7 7 5 5 7 5 5 7 7 5 7 7 5 7 5 5 5 5 7 5 7 7 5 5 7 7 7 5 5 7 7 7 7 5 7 7 5 7 7 5 7 5 7 7 7 5 5 7 5 5 5 5 7 5 2 2
2 2 2 2 2 2 2 2 2 2 2 2 2 2 2 2 2 2 2 2 2 2 2 2 2 2 2 2 2 2 2 2 2 2 2 2 2 2 2 2 2 2 2 2 2 2 2 2 2 2 2 2 2 2 2 2 2 2 2 2 2 2 2 2 2 2 2 2 2 2 2 2 2 2 2 2 2 2 2 2 2 2 2 2 2 2 2 2 2 2 2 2 2 2 2 2 2 2 2 2 2 2 2 2 2 2 2 2 2 2 2 2 2 2 2 2 2 2 2 2 2 2 2 2 2 2 2 2 2 2 2 2 2 2 2 2 2 2 2 2 2 2 2 2 2 2 2 2 2 2 2 2 2 2 2 2 2 2 2 2 2 2 2 2 2 2 2 2 2 2 2 2 2 2 2 2 2 2 2 2
2 2 2 2 2 2 2 2 2 2 2 2 2 2 2 2 2 2 2 2 2 2 2 2 2 2 2 2 2 2 2 2 2 2 2 2 2 2 2 2 2 2 2 2 2 2 2 2 2 2 2 2 2 2 2 2 2 2 2 2 2 2 2 2 2 2 2 2 2 2 2 2 2 2 2 2 2 2 2 2 2 2 2 2 2 2 2 2 2 2 2 2 2 2 2 2 2 2 2 2 2 2 2 2 2 2 2 2 2 2 2 2 2 2 2 2 2 2 2 2 2 2 2 2 2 2 2 2 2 2 2 2 2 2 2 2 2 2 2 2 2 2 2 2 2 2 2 2 2 2 2 2 2 2 2 2 2 2 2 2 2 2 2 2 2 2 2 2 2 2 2 2 2 2 2 2 2 2 2 2
